face_x;face_y;landmark_x_1;landmark_y_1;landmark_x_2;landmark_y_2;landmark_x_3;landmark_y_3;landmark_x_4;landmark_y_4;landmark_x_5;landmark_y_5;landmark_x_6;landmark_y_6;landmark_x_7;landmark_y_7;landmark_x_8;landmark_y_8;landmark_x_9;landmark_y_9;landmark_x_10;landmark_y_10;landmark_x_11;landmark_y_11;landmark_x_12;landmark_y_12;landmark_x_13;landmark_y_13;landmark_x_14;landmark_y_14;landmark_x_15;landmark_y_15;landmark_x_16;landmark_y_16;landmark_x_17;landmark_y_17;landmark_x_18;landmark_y_18;landmark_x_19;landmark_y_19;landmark_x_20;landmark_y_20;landmark_x_21;landmark_y_21;landmark_x_22;landmark_y_22;landmark_x_23;landmark_y_23;landmark_x_24;landmark_y_24;landmark_x_25;landmark_y_25;landmark_x_26;landmark_y_26;landmark_x_27;landmark_y_27;landmark_x_28;landmark_y_28;landmark_x_29;landmark_y_29;landmark_x_30;landmark_y_30;landmark_x_31;landmark_y_31;landmark_x_32;landmark_y_32;landmark_x_33;landmark_y_33;landmark_x_34;landmark_y_34;landmark_x_35;landmark_y_35;landmark_x_36;landmark_y_36;landmark_x_37;landmark_y_37;landmark_x_38;landmark_y_38;landmark_x_39;landmark_y_39;landmark_x_40;landmark_y_40;landmark_x_41;landmark_y_41;landmark_x_42;landmark_y_42
-0.00132129;-0.0018425;-0.00300959;-0.0099175;2.88486e-05;0.0121872;0.003645;0.0429311;0.00610366;0.0847763;0.000771642;0.114933;0.0289513;-0.0104066;0.0347781;-0.00641969;0.0353323;-0.00767264;0.0361226;-0.0145373;0.0240046;-0.0252573;0.0326851;-0.0255439;0.0317681;-0.0311413;0.0309993;-0.0468133;0.016739;-0.032777;0.0264178;-0.0327361;0.0256573;-0.0388166;0.0268726;-0.0530806;0.0124871;-0.0327433;0.0212216;-0.0378478;0.0240049;-0.0410463;0.0273728;-0.0461415
0.000228912;-0.00106451;0.00782371;-0.011846;-0.00997445;-0.0326302;-0.025875;-0.0549428;-0.033576;-0.0820536;-0.0377922;-0.1035;-0.0197262;-0.0112552;-0.0196093;-0.000722468;-0.0201446;-0.00410858;-0.0217779;-0.00813335;0.00298229;-0.0113071;-0.00373766;-0.00752652;-0.00351542;-0.022389;-0.00397894;-0.0324018;0.0211909;-0.0230629;0.0112925;-0.0378772;0.00900772;-0.0613571;0.00491956;-0.0757099;0.0361749;-0.039008;0.0317182;-0.0578169;0.0268336;-0.0803275;0.0190722;-0.0987805
-0.00572342;-0.00612453;-0.00459445;0.0273184;0.0123743;0.0331247;0.0305363;0.0409238;0.0406701;0.0498968;0.047972;0.0562125;0.00878209;0.00878358;-0.00193805;-0.00350189;-0.00709227;0.00308308;-0.008991;0.0113532;-0.0130741;0.0110325;-0.0190307;0.00790715;-0.0242716;0.0329961;-0.0258555;0.0538905;-0.0298052;0.0252241;-0.029186;0.0483382;-0.0299529;0.0791653;-0.0299113;0.101361;-0.0430694;0.0438673;-0.0473801;0.0746517;-0.0469219;0.104342;-0.04422;0.127532
-0.00452071;-0.00260001;-0.00171417;0.00882208;-0.00888953;0.0201687;-0.0190672;0.0275888;-0.0253434;0.0314244;-0.0334154;0.0394298;-0.0012241;0.0127216;0.00221112;0.0118379;-0.000783354;0.00786909;-0.00330728;0.00490043;0.00508797;0.00303853;0.0125733;-0.01297;0.00917456;-0.0295244;0.00573134;-0.039909;0.00978285;-0.0101916;0.0133077;-0.0362247;0.00898981;-0.0532998;0.00783774;-0.0663951;0.0132906;-0.0253934;0.0179718;-0.0522095;0.0182832;-0.0688733;0.0199037;-0.0811103
-0.00373942;0.000172973;-0.00629437;-0.00751239;-0.00496998;-0.0247843;-0.00738162;-0.0374426;-0.0103877;-0.0543937;-0.00933099;-0.0717073;-0.0168766;0.0147938;-0.0168393;0.0100245;-0.0110624;-0.00133014;-0.00261626;-0.0121584;-0.0153969;0.0296917;-0.0183096;0.040302;-0.00738049;0.0307913;0.00482213;0.0220597;-0.0123504;0.0416472;-0.00821799;0.0604089;0.00373635;0.0686628;0.0115199;0.0759751;-0.00771949;0.0544222;-0.00512493;0.083159;-0.000424117;0.0931118;0.00300357;0.0999758
-0.000720531;-0.00174353;0.000210315;-0.00516117;-0.00514978;-0.00309443;-0.00569469;-0.00294957;-0.00373399;0.00442734;0.000130743;0.0130815;-0.00438976;0.00429896;-0.00575569;0.0121647;-0.0081124;0.0108723;-0.00927478;0.00652772;0.000179797;0.00881448;-0.00706404;0.0168882;-0.00999421;0.0186132;-0.00895163;0.0123363;0.00228003;0.0129578;-0.00237417;0.0213435;-0.00585502;0.024556;-0.00743216;0.0217444;0.00256833;0.0147379;-0.00219992;0.0197093;-0.00541887;0.0200118;-0.00730255;0.0200247
-0.000991285;0.000153929;0.00289446;-0.0036014;0.000443935;0.000493288;-0.00367066;-0.00127283;-0.005146;-0.00569454;-0.00791866;-0.0100483;0.00481144;0.00298712;0.00590372;0.00156078;0.00525743;-0.00437;0.0017913;-0.0108554;0.00817639;-0.00120497;0.0122211;-0.00758642;0.00798357;-0.0219088;-0.000386626;-0.0315419;0.00808567;-0.00763455;0.00219876;-0.0321475;-0.00417283;-0.0598748;-0.00787556;-0.0797899;0.0056183;-0.0146906;0.00639838;-0.0409323;0.00430912;-0.056544;0.00179711;-0.0676405
-0.00031656;-0.00204259;8.99434e-05;-0.0124323;-0.00234839;-0.00766075;-0.00326249;-0.00132483;-0.00469747;0.0122967;-0.00600332;0.0241683;-0.00183812;-0.00668991;-9.5427e-05;0.00279978;-0.000407577;0.00555542;0.000285387;0.00741825;-0.00131422;-0.00600284;-0.0024288;0.00370133;-0.00460035;0.0111382;-0.00448149;0.0161946;-0.00159705;-0.00302875;-0.000799805;0.0112497;-0.00187877;0.0213684;-0.00310114;0.0285746;-0.0019936;-0.000974298;-0.00283426;0.012515;-0.00370705;0.0199852;-0.00541651;0.0249289
-8.57115e-05;0.00107345;0.00566837;-0.0115291;-0.0019027;-0.0141985;-0.00854233;-0.0130165;-0.0112561;-0.0192486;-0.0144143;-0.0273471;-0.00123298;-7.01249e-05;0.00102386;0.00293437;0.00246525;0.000519782;0.00158569;-0.000754714;0.00465935;0.00186303;0.00593737;-0.00555295;0.0076991;-0.0155678;0.00742602;-0.0217455;0.00927651;-0.00264135;0.00750396;-0.0188357;0.00819552;-0.036399;0.00937623;-0.049536;0.0127709;-0.0092988;0.0121759;-0.0293209;0.012681;-0.0432252;0.0129351;-0.0537944
-0.00323164;-0.00125626;-0.0048641;-0.0145417;-0.00520575;-0.00500932;-0.000736386;0.000167936;0.00340885;0.000815809;0.00443438;0.00153929;0.000946671;-0.00851494;-0.0011245;-0.00227642;-0.00424123;-0.000835568;-0.00683063;-0.00109199;0.00186276;-0.0169455;0.00112292;-0.011232;-0.00155017;-0.013742;-0.00460345;-0.016887;0.00257885;-0.024838;-8.89301e-05;-0.0225424;-0.00320634;-0.0258921;-0.00644237;-0.0288728;0.00328183;-0.0310101;-0.00124779;-0.029592;-0.00524208;-0.034989;-0.00822508;-0.0420219
-0.0371928;-0.0107768;0.411085;0.619704;0.308441;0.60038;0.255747;0.568851;0.240021;0.538488;0.223252;0.505617;0.338069;0.557275;0.347875;0.506181;0.346843;0.497514;0.34367;0.512592;0.402688;0.563091;0.411519;0.511154;0.4022;0.508585;0.392268;0.525028;0.449482;0.569515;0.449103;0.524991;0.438046;0.516939;0.429351;0.525587;0.487009;0.576199;0.481639;0.544048;0.472675;0.542607;0.462487;0.558664
-0.00448123;0.00253865;-0.0461738;-0.0117947;-0.040873;-0.0406265;-0.0271716;-0.0595117;-0.0212867;-0.0827463;-0.0195962;-0.0983057;-0.0294633;-0.102566;-0.0392411;-0.114428;-0.0401418;-0.1164;-0.0403296;-0.128633;-0.0354012;-0.102754;-0.0334371;-0.105316;-0.0276069;-0.111683;-0.0260364;-0.126171;-0.0366218;-0.0887952;-0.01553;-0.0890598;-0.0036667;-0.0947642;0.000434339;-0.10975;-0.039054;-0.063699;-0.0124211;-0.042628;-0.00119853;-0.0432183;0.00498867;-0.0566616
-0.00542653;0.00314373;-0.0327191;-0.0862412;-0.018222;-0.0759476;-0.0122282;-0.0872663;-0.011559;-0.0825901;-0.0125018;-0.0755641;-0.0198227;-0.0838422;-0.0182739;-0.0745177;-0.0179786;-0.0896704;-0.0182419;-0.117266;-0.0319857;-0.0789686;-0.0294205;-0.0801434;-0.0243593;-0.103647;-0.0181458;-0.132602;-0.0411597;-0.0757681;-0.0435882;-0.0830519;-0.0412526;-0.106914;-0.0379474;-0.13015;-0.048961;-0.0733606;-0.0507872;-0.0943198;-0.044902;-0.113589;-0.0352778;-0.133348
-0.00260347;-0.00108227;-0.0246191;-0.06817;-0.0181137;-0.0684371;-0.0124233;-0.069652;-0.0145331;-0.0727479;-0.021561;-0.0736971;-0.0117207;-0.0696962;-0.012566;-0.0732967;-0.017674;-0.07246;-0.0216763;-0.0691227;-0.0117324;-0.0735885;-0.0125179;-0.0778992;-0.0166227;-0.0771884;-0.0204975;-0.0780148;-0.0113329;-0.0759982;-0.0107898;-0.0816317;-0.0132341;-0.0823969;-0.015084;-0.0866734;-0.0139739;-0.0756428;-0.00680232;-0.0770429;-0.00190222;-0.0804406;0.00121111;-0.0869995
-0.00688174;-5.23925e-05;-0.0100076;-0.0729748;-0.00575942;-0.0675612;-0.00740373;-0.0581731;-0.00831372;-0.0508259;-0.00552785;-0.0462909;-0.0142861;-0.0594961;-0.0160851;-0.0522071;-0.0111695;-0.0517183;-0.00663286;-0.0547545;-0.0166477;-0.0591028;-0.0187681;-0.0543457;-0.0150568;-0.0537678;-0.010304;-0.0561311;-0.0178974;-0.0591055;-0.02124;-0.0562969;-0.018289;-0.0565867;-0.0144063;-0.0589627;-0.0164959;-0.059775;-0.0194534;-0.0631945;-0.0192614;-0.0641548;-0.0181853;-0.0662574
-0.00413531;0.00065732;-0.00523788;-0.0415526;-0.00551844;-0.0349957;-0.00836146;-0.0330131;-0.0097934;-0.0323577;-0.00662357;-0.0276315;-0.0112176;-0.0360181;-0.0137233;-0.0338684;-0.0162103;-0.0348476;-0.0184907;-0.0348309;-0.0114366;-0.0406331;-0.014267;-0.0392762;-0.016853;-0.0397489;-0.0208744;-0.0377356;-0.00954735;-0.0449883;-0.0131254;-0.0444427;-0.0157495;-0.0436499;-0.0202445;-0.0423054;-0.00710356;-0.0490462;-0.0105197;-0.0509852;-0.0123402;-0.053431;-0.0157956;-0.058201
-0.00105652;-0.00237361;0.0105144;-0.0121381;0.00816798;-0.0262977;-0.00384212;-0.0269459;-0.0104452;-0.0266404;-0.00727493;-0.0207023;-0.00987786;-0.0277392;-0.0110101;-0.0250106;-0.00952953;-0.0252296;-0.00816268;-0.026213;-0.00952524;-0.0327038;-0.0137162;-0.0294656;-0.0145614;-0.0287903;-0.0138305;-0.0285006;-0.00853729;-0.0419695;-0.0124995;-0.037963;-0.0128531;-0.0330904;-0.0100812;-0.0286094;-0.00383216;-0.0525998;-0.00807947;-0.0490693;-0.0103816;-0.0461587;-0.00919884;-0.0419144;0.00659788;-0.0341547;0.00230688;-0.00853366;-0.00582904;-0.0149343;-0.00870085;-0.0128809;-0.00523758;-0.00684601;0.00520957;-0.00559056;0.0109903;-0.0147129;0.0136467;-0.0263057;0.0158162;-0.0374365;-0.000858247;-0.00311208;0.0217987;-0.0196999;0.0126702;-0.026838;0.00177783;-0.0264311;-0.00440961;-0.00301784;0.020414;-0.0208632;0.012899;-0.0350922;0.00950426;-0.0415717;-0.0103914;-0.00196576;0.0109152;-0.0111021;0.0117972;-0.0150952;0.0131604;-0.0136012
-0.00417319;-0.00174463;-0.00137562;-0.0179585;-0.00337774;-0.0232049;-0.00737965;-0.022994;-0.0101431;-0.0166659;-0.00693852;-0.0105861;-0.00831664;-0.0301607;-0.0107585;-0.0254845;-0.0117206;-0.0234029;-0.0128729;-0.0190054;-0.0103951;-0.0308237;-0.0120924;-0.030603;-0.0120933;-0.0269636;-0.0119755;-0.022202;-0.0119618;-0.0327636;-0.0137589;-0.0305703;-0.0147347;-0.0292647;-0.0157306;-0.0281198;-0.0133823;-0.0344126;-0.0130981;-0.0324393;-0.0138535;-0.0331665;-0.0154664;-0.0342787;0.0105546;0.00274289;-0.00361818;0.019787;-0.00855333;0.0361438;-0.0115314;0.0584075;-0.012697;0.0732915;0.00410795;-0.0248213;-0.00741506;-0.0237963;-0.0156628;-0.0241339;-0.0212778;-0.0290448;0.0104691;-0.0375647;-0.00391608;-0.0295395;0.0106068;-0.032563;0.0276752;-0.0431345;0.0160982;-0.0381973;0.00114936;-0.0242432;-0.0048005;-0.000585496;-0.00793076;0.0135759;0.0194945;-0.0298225;0.00860292;-0.02376;0.000464916;-0.00943512;-0.00523061;-0.00213581
-0.00169796;0.00206548;-0.00178212;-0.0236031;-0.00248122;-0.0245564;-0.00371563;-0.0177195;-0.00747752;-0.0134061;-0.0121309;-0.0122946;-0.00771224;-0.0210524;-0.00765574;-0.0186938;-0.00686079;-0.0159962;-0.00589633;-0.0134777;-0.0103739;-0.0229869;-0.014211;-0.0213257;-0.0153986;-0.0214299;-0.0176241;-0.020243;-0.0115257;-0.0244963;-0.0139999;-0.0231371;-0.0156502;-0.0227641;-0.0188582;-0.0207977;-0.0119053;-0.0249988;-0.0142805;-0.0266997;-0.0177602;-0.0283611;-0.0222334;-0.0300938;-0.00478303;-0.0120746;-0.00525635;-0.0300961;-0.00257337;-0.0498153;-0.000229001;-0.0745007;-0.000326872;-0.082597;-0.00093776;-0.0119271;0.00687832;-0.0193948;0.0114746;-0.0225929;0.0124393;-0.0225391;-0.00151533;-0.0132124;0.00704366;-0.0219017;0.00996155;-0.0285324;0.00576156;-0.0277902;-0.00252944;-0.0149215;0.00855255;-0.0368371;0.0156825;-0.0450279;0.0141571;-0.0449342;-0.00167948;-0.0179904;0.00878;-0.0417229;0.0117508;-0.0458812;0.0104751;-0.0454449
-0.00116178;0.00285318;-0.00763702;-0.0133612;-0.0049299;-0.0160843;-0.00322998;-0.012745;-0.00440782;-0.0119618;-0.00602168;-0.0100357;-0.00906742;-0.00948638;-0.0065847;-0.0142482;-0.00439918;-0.0146149;-0.00338161;-0.014728;-0.0112952;-0.0107931;-0.0112585;-0.0108662;-0.00938213;-0.00963557;-0.00936985;-0.00727808;-0.0126271;-0.012903;-0.0157075;-0.0148307;-0.0160224;-0.0135167;-0.0185217;-0.0117784;-0.012955;-0.0160277;-0.0159983;-0.0193942;-0.015748;-0.0174541;-0.0163712;-0.0153195;-0.00100648;-0.000896394;0.00156569;-0.00712234;0.00275594;-0.0121593;0.00672764;-0.0184784;0.00944316;-0.0229111;0.00272274;-0.0217551;0.00360829;-0.0330443;0.00155711;-0.0411151;8.79765e-05;-0.0488949;0.00451881;-0.0173951;0.0102656;-0.0323677;-0.00209934;-0.01399;-0.0133291;0.00746274;0.00624269;-0.0157028;0.00607759;-0.0270523;0.000584662;-0.0176808;-0.000660896;-0.0066033;0.00724345;-0.0141364;0.00613111;-0.0297271;0.00274265;-0.0276405;0.00106949;-0.0200747
-0.00256333;-0.00212157;-0.00313216;-0.011423;-0.00533867;-0.00808465;-0.0065006;-0.00606042;-0.00649256;-0.0062227;-0.00410473;-0.00948602;-0.0113575;-0.00836965;-0.0114691;-0.00873312;-0.0113676;-0.00652504;-0.0106549;-0.00408646;-0.0117269;-0.00874788;-0.0128608;-0.00802368;-0.013132;-0.0041548;-0.0128276;0.00175077;-0.0117919;-0.0100119;-0.0146128;-0.0096418;-0.0157555;-0.00581762;-0.015041;-0.00044772;-0.0118757;-0.0119665;-0.0154034;-0.0155107;-0.018475;-0.0146483;-0.0209177;-0.0119976;0.00229621;-0.00743681;0.00206012;-0.0124991;0.00767052;-0.0164497;0.0108567;-0.0145631;0.0133344;-0.0153264;-2.32458e-05;-0.0226902;-0.0002321;-0.031803;0.0015536;-0.0338792;0.00320768;-0.0359935;0.00232589;-0.0221497;-0.000410497;-0.0293247;-0.000505686;-0.0227066;-0.0024488;-0.0184097;0.00386804;-0.0219625;-0.00200975;-0.027056;-0.000179231;-0.0226964;-0.00188303;-0.0197649;0.00594032;-0.0240609;0.00103307;-0.0309604;0.0023098;-0.0259762;0.00209862;-0.0224777
-0.000731468;0.000150144;-0.00986421;-0.0106394;-0.00691342;-0.00992221;-0.00464445;-0.00935823;-0.00513643;-0.00843301;-0.00558341;-0.0101397;-0.010196;-0.00743181;-0.0117897;-0.00812635;-0.0105463;-0.00602028;-0.00892198;-0.00442135;-0.012096;-0.00615984;-0.0131814;-0.007707;-0.0108844;-0.00556388;-0.00870556;-0.00281423;-0.0128215;-0.00560057;-0.0134426;-0.00820687;-0.011309;-0.0080823;-0.00914484;-0.00532514;-0.0126209;-0.00603214;-0.0167573;-0.0117313;-0.0174093;-0.0142775;-0.0179229;-0.0146718;-0.0037086;-0.0061416;8.28505e-05;-0.010221;-0.00203025;-0.0090248;-0.00634122;-0.0115974;-0.00840449;-0.00796527;0.00154382;-0.0187688;0.00331014;-0.0275878;0.00200355;-0.0341414;0.00101787;-0.0435719;0.00139678;-0.0190089;0.00319266;-0.01649;-0.000437319;-0.00631851;-0.00398785;0.00171506;0.001836;-0.0163093;-0.000289977;-0.00772434;0.00385535;-0.00586003;0.00593454;-0.00572515;0.00120741;-0.0136716;0.000356615;-0.00729108;0.00299615;-0.00667995;0.00374973;-0.00597072
-0.00106633;0.00278524;-0.0129394;-0.00604945;-0.0111855;0.000153244;-0.00860989;-0.00153059;-0.00542033;-0.00471824;-0.00716138;-0.00637361;-0.00690567;-0.0047355;-0.00732946;-0.0038982;-0.00917798;-0.00212437;-0.0107464;-0.00149083;-0.00655127;-0.00466201;-0.00697702;-0.00494355;-0.0103946;-0.00300092;-0.0130675;-0.00341722;-0.00677508;-0.00436297;-0.0090223;-0.00393331;-0.0127425;-0.00261152;-0.0162089;-0.00391737;-0.00685346;-0.00260887;-0.0111077;0.000146627;-0.0152882;0.00439695;-0.0197195;0.00623146;-0.00490493;-0.00443017;-0.00169688;-0.00808835;-0.00463629;-0.0076189;-0.00570363;-0.00366497;-0.00090909;0.00287944;0.00187546;-0.0227729;0.00390339;-0.0288206;0.00156844;-0.0255449;-0.00258386;-0.0192372;0.00457156;-0.021704;-0.00130314;-0.014051;-0.00339371;-0.0124323;-0.00336462;-0.0103303;0.00575161;-0.0212215;-0.00191474;-0.0138895;-0.00207907;-0.0141391;3.8445e-05;-0.0136693;0.00627041;-0.0213033;-0.00134879;-0.0149025;-0.00263906;-0.0134;-0.00269103;-0.0129497
-0.00122234;-0.00208235;-0.00305504;-0.00254846;-0.0041548;-0.00209296;-0.00174177;0.000457823;-0.00051105;-0.00362548;-0.0013414;-0.00550729;-0.00962758;0.00641817;-0.00865757;-0.000584126;-0.00798011;-0.00270149;-0.00654811;-0.00130749;-0.00786787;0.00498965;-0.00801402;-0.0014568;-0.0084371;-0.00293967;-0.00815582;0.000392288;-0.00610369;0.00400624;-0.0070107;-0.0031482;-0.00850332;-0.00451374;-0.00893682;-0.00208035;-0.00469273;0.00153172;-0.00516325;-0.00496954;-0.00625473;-0.00708067;-0.00747108;-0.00608158;-0.000441492;0.00486648;0.00233495;-0.00110561;0.00323373;-0.00857252;0.000499547;-0.0194346;-0.000673771;-0.0312758;0.00591826;-0.00417334;0.00348306;-0.0112153;0.00271374;-0.00974959;0.00526023;-0.00498474;0.00607556;-0.00412124;-0.00163782;-0.00648952;-0.00579822;-0.007595;-0.00341237;-0.0110273;0.00496614;-0.00580305;-0.00191182;-0.00848573;-0.00393736;-0.0110766;-8.47578e-05;-0.0133072;0.00392675;-0.00965577;-0.0039317;-0.0122668;-0.00566244;-0.0125006;-0.00216919;-0.0125442
-0.000572592;-0.00154626;0.00352699;-0.00162685;0.000169337;-0.00078088;-0.00176865;0.000165343;-0.00295031;-0.00211746;-0.000974059;-0.00401628;-0.00333166;0.00456604;-0.00569075;0.00278297;-0.00660986;0.00242212;-0.00647092;0.00131464;-0.00288343;0.00164175;-0.00590259;-0.000641584;-0.00667906;-0.00136524;-0.00627315;-0.00119504;-0.00230074;-0.0015564;-0.00607365;-0.00451994;-0.00726968;-0.00495338;-0.00674182;-0.00505215;-0.00148183;-0.00413379;-0.0064888;-0.0051443;-0.00959182;-0.00447258;-0.0116103;-0.00325087;-0.0019905;0.00762016;0.000665963;0.00124478;0.00427461;-0.000955462;0.00592691;-0.00457835;0.00590044;-0.00895011;-0.00130159;0.00122213;0.00274128;-0.00266635;0.00358212;-0.00147277;0.00394058;0.00121915;-0.000386298;0.00157768;-0.000124156;-0.00451493;0.000390828;-0.00785267;0.00134462;-0.00866711;-0.000172257;0.00158709;-0.000740469;-0.00271666;0.000578225;-0.00374675;0.00139177;-0.00398171;0.000452161;0.000490546;-0.00105762;0.000521541;-0.000176609;-0.00166297;0.000196218;-0.00213325
-0.00213361;0.00305438;-0.00319201;-0.0038287;-0.00341994;0.00181407;-0.00173712;0.00284111;-3.65376e-05;0.00441971;-0.00294846;0.00358161;-0.00686014;-0.00245741;-0.0043332;-0.00259295;-0.00305319;-0.00297606;-0.00246662;-6.40154e-05;-0.00627548;-0.00458631;-0.00277519;-0.00635615;-0.000759482;-0.00470185;-0.00142038;0.000504255;-0.0051856;-0.00580823;-0.00330722;-0.00672635;-0.00168175;-0.00463465;-0.00248021;-0.00104547;-0.003506;-0.00633985;-0.00464737;-0.0106891;-0.00505793;-0.00875628;-0.00667363;-0.00303987;-0.00121266;0.00764936;-0.00430816;0.00118589;-0.00292581;0.000599027;-0.00127524;0.00195938;-0.000536561;0.00403285;0.00302339;0.000256598;0.000475526;-0.000256717;-0.000466764;0.000471771;-0.00075537;0.00223029;0.0042997;0.00177711;-0.0010255;-0.00183272;-0.00196064;-0.00465471;-0.000702977;-0.00567645;0.00408143;0.003506;-0.000303984;0.000484347;-0.00186485;-0.00214124;-0.001333;-0.00282818;0.00285751;0.00377685;-3.48687e-05;0.00170267;-0.00139678;-0.00047332;-0.00155199;-0.00140697
0.000240177;-0.000696063;-0.00339544;0.00199485;-0.00265986;0.00105405;-0.00199038;0.00135648;-0.00163162;0.00465789;-0.00236773;0.00534847;-0.00288182;-0.00417566;-0.00312102;-0.000909746;-0.00310409;0.00101879;-0.00357825;0.00247523;-0.00239372;-0.0035767;-0.00356847;0.00119266;-0.00434154;0.00062269;-0.00496751;-0.00144565;-0.00230545;-0.00182778;-0.00392401;0.00264737;-0.00476235;0.000644177;-0.00556576;-0.00450423;-0.00197458;0.00146317;-0.00315046;0.00595063;-0.0039978;0.00491083;-0.00524998;6.10948e-05;-0.00140506;0.00154811;-0.00148958;-0.00347382;-0.00180268;-0.00778097;-0.00287914;-0.0117145;-0.00230056;-0.0118133;0.000415862;0.00528729;0.000141263;0.00365144;-0.000321746;0.00599957;-0.00067234;0.0105354;0.0015021;0.00519246;-0.000549912;0.000762939;-0.00162965;0.0015552;-0.00117481;0.00334769;0.00145835;0.00425303;0.000767767;-0.00020206;-0.000211179;0.000828087;-0.000282943;0.00295591;0.00183761;0.00333101;0.000443041;0.0015645;-0.000898659;0.00134379;-0.000505328;0.00244117
-0.000104487;0.00135553;0.000718117;-0.000671685;-0.000864923;-0.00196946;-0.00272721;-0.00211513;-0.00292081;-0.0042218;0.00051707;-0.00233161;-0.00194544;0.00140727;-0.00223196;-0.00135949;-0.0022068;-0.00192997;-0.00196254;-0.00322017;-0.00211215;0.00199807;-0.00290406;-0.000750363;-0.00286698;-0.00134638;-0.00205368;-0.0030697;-0.00199044;0.00183284;-0.00293869;-0.00140765;-0.00345904;-0.00137529;-0.00331044;-0.00209281;-0.00147384;0.000895739;-0.00200111;-0.00037539;-0.00312346;-0.00082919;-0.00395632;-0.0019426;-0.000170648;0.00245494;-0.000642478;0.00139451;-0.00118679;0.00329441;-0.00119412;0.00721663;-0.0022015;0.0106585;0.00260866;0.00102216;0.000123143;0.0002653;-0.00162971;-0.00364971;-0.00213021;-0.00608927;0.00240672;0.000265479;0.00269246;0.00385523;0.00314432;0.00347686;0.00345457;0.00321132;0.00196737;-0.000259936;0.00155973;0.00231552;0.00147384;0.00205654;0.000895619;0.00207019;0.000600219;9.83477e-05;0.00107265;0.00123161;0.00119561;0.000650704;1.92523e-05;0.000535846
-3.94285e-05;0.00180846;-0.00294393;0.00549537;-0.00307518;0.00292683;-0.00170255;0.00358933;-0.00156945;0.00446475;-0.0043636;0.00115213;7.59363e-05;0.00231695;-0.000437677;0.00398371;-0.00115424;0.00376374;-0.00137323;0.00348711;-0.000531793;0.00309199;3.57628e-05;0.00497264;9.03606e-05;0.0048072;-0.00036031;0.00554645;-0.00159717;0.00445461;-0.000197947;0.00665212;0.000541329;0.00664115;0.00080663;0.00811234;-0.00245917;0.00563285;-0.00215209;0.0053713;-0.00130892;0.00546348;-0.000493228;0.00635302;0.000118673;0.00230283;-0.00151294;0.00302303;-0.00132793;-0.00239587;-0.00127804;-0.00664818;-0.000573099;-0.0088833;0.0010671;0.00592154;0.000986874;0.00325304;-0.000183284;0.004264;-0.00189114;0.00525719;0.00202549;0.00609595;-0.000936985;3.56436e-05;-0.00180483;-0.00218916;-0.00207478;-0.002312;0.00168532;0.0054183;-0.00145906;0.00140876;-0.00287038;-0.000328898;-0.00332034;8.85725e-05;0.00100136;0.00340676;-0.00235987;0.000277519;-0.00305736;6.28233e-05;-0.00277019;0.000367701
-0.000944287;0.00258458;-0.000589073;0.00067693;-0.00157821;0.00402904;-0.00308973;0.00368857;-0.00253409;0.00246489;-0.00156373;0.000562936;-0.00207001;0.00494578;0.000106871;0.00212711;0.00047338;0.00266725;0.00103426;0.0038535;-0.001477;0.00436038;-0.000316143;0.000484943;-0.000168145;0.000935316;0.000425577;0.00127959;-0.001243;0.00287703;-0.00069052;-0.00135896;-0.000675321;-0.00173002;-0.000536799;-0.00181553;-0.00101405;0.00122571;-0.0016923;-0.00113499;-0.00190502;-0.00104913;-0.00160849;-0.000293821;0.000829995;0.00592303;-0.000491083;0.00793993;-0.00111812;0.0108097;-0.00162411;0.0165619;-0.00373703;0.0199035;0.00293046;0.00135624;0.000884354;0.00175697;0.000761986;0.000525713;0.00173146;1.87755e-05;0.00307757;0.00107515;0.00100434;0.00316507;0.000517428;0.00419223;0.00135154;0.004287;0.00223279;0.00191939;0.00117922;0.00441563;0.000713229;0.00489312;0.00101709;0.00476998;0.0010851;0.00371909;0.00131249;0.00604934;0.000433624;0.00651813;0.000358343;0.00623643
0.000583798;0.00196296;-0.00323898;0.00206184;-0.00305003;0.000989854;-0.000674546;0.000672996;-0.000207663;0.000840575;-0.00173396;-0.00225037;0.00175542;0.00116938;0.00129312;0.000876427;0.000497639;0.000508428;-0.000196218;0.000206888;0.00145274;0.00179785;0.00149351;0.000817955;0.00106263;0.00128698;-6.48499e-05;0.00226009;0.0010758;0.00267887;0.00128078;0.00235823;0.000867784;0.00301734;-0.000391543;0.0047777;0.000175357;0.00378463;0.00101686;0.00376815;0.00148052;0.0040192;0.00133169;0.00569695;0.000548184;0.00354713;0.000692785;0.00220907;0.000523806;0.00595671;0.000657022;0.0082761;0.00216413;0.00809103;-0.00147665;0.00517535;0.000437498;0.00271434;0.00122422;0.002765;0.00141197;0.00306946;-0.001876;0.00583196;8.39233e-05;0.0045532;0.00141364;0.00470591;0.00176096;0.00453466;-0.00127417;0.00561231;0.000442684;0.00392407;0.00101101;0.00445092;0.000704885;0.00435686;-0.00114459;0.00506276;-0.000953853;0.00407225;-0.000933707;0.00467789;-0.00116605;0.00424212
-0.000379503;0.00190881;-0.000310123;0.00355393;-0.000227749;0.00516105;-0.000684619;0.00266618;0.000486553;0.000727296;0.000219882;0.000735372;0.000412464;0.00267753;0.00107515;0.00423354;0.000956953;0.00500685;0.000218391;0.00502789;0.000273287;0.00277418;-0.000331759;0.00380439;-0.000336111;0.00372654;7.67112e-05;0.00164485;-4.20213e-05;0.0025067;-0.000243366;0.00290915;-0.000407934;0.00163966;0.000143349;-0.000331491;-0.000244379;0.00234762;7.53403e-05;0.00287697;5.45979e-05;0.00205493;4.04716e-05;0.000861168;-0.00296736;-0.00273257;-0.0016849;-0.00202399;-0.000676751;-0.00448161;-0.000263929;-0.00850296;-0.000683665;-0.00850731;-0.00063771;0.00132143;-0.000664175;0.00192267;-0.00024569;0.00152546;0.00106704;0.00172645;-0.000302613;0.00222158;0.000420392;-0.000527322;-0.00146788;-0.00279546;-0.00325871;-0.002873;-0.000540018;0.00287759;-0.00121266;0.000389874;-0.00277179;-0.000243366;-0.0035125;0.00126779;-0.000736296;0.00264734;-0.00170225;-8.88109e-05;-0.00250918;-0.00017494;-0.00244743;0.00173861
0.00046581;0.00099799;-0.000972629;0.00298852;-0.000885248;0.00272661;-0.000884593;0.00266922;-0.00049144;0.00241667;0.000316143;0.00135064;-0.000300467;0.00341606;-0.000146151;0.00128537;-0.000299871;0.000296593;-0.0006212;-0.000816792;-0.000145137;0.00387737;-0.000489414;0.00271523;-0.000553489;0.00153977;-0.000259697;4.78327e-05;7.10487e-05;0.00428447;-0.000318825;0.00294495;-0.000110865;0.00199109;0.000284016;0.00102502;0.000236511;0.00468451;-9.13739e-05;0.00410315;-0.00028789;0.00356856;-9.81092e-05;0.00271311;0.0021652;0.00310493;-0.000324607;0.0035429;-0.00126153;0.00674409;-0.000999749;0.0128909;-0.00159234;0.0159249;0.00190699;0.00356412;0.00125366;0.00262147;0.000723004;0.00247204;8.04663e-05;0.00207156;0.00138026;0.00415188;0.000515342;0.00618064;-6.46114e-05;0.00806063;0.000717998;0.00703108;0.000497997;0.00397617;-1.56164e-05;0.00539929;4.98891e-05;0.00622493;0.000913143;0.00519097;-0.000304639;0.00454593;-0.000705123;0.0062598;-0.000147402;0.00598967;0.0006181;0.00482768
-0.0010621;0.000510871;0.00267822;-0.000374317;0.00214964;0.00167775;0.000528455;0.00295913;-0.000171185;0.00438187;0.000572681;0.00437039;0.000115633;-0.000290245;-0.000767648;0.00225121;-0.00119525;0.00224423;-0.000771523;0.00141284;-6.05583e-05;-0.000836402;-0.00092119;0.00168714;-0.000971913;0.0018841;-0.00062871;0.000579566;-8.57115e-05;-0.000797093;-0.00080508;0.00134057;-0.000804722;0.00182533;-0.000343204;0.00119299;7.64728e-05;-0.000651151;-0.000295937;0.00122541;-0.000779629;0.00167772;-0.000760674;0.00114542;-0.00274199;0.00446606;-0.00209534;0.00408417;-0.0013262;0.00286311;-0.000151396;0.00215042;0.000819325;0.00232166;-0.00104481;0.000813782;-0.000455022;0.00184029;-6.42538e-05;0.00192612;0.000137746;0.00133425;-0.000127316;0.00152987;-0.00123012;0.0018509;-0.00107217;0.00223374;-0.00101489;0.00301266;1.93715e-05;0.00279325;-5.56707e-05;0.00238228;-0.000376523;0.00209773;-0.000653923;0.0024755;-0.000142217;0.00354213;-0.000488818;0.00333661;-0.00106663;0.00305098;-0.00169462;0.00302011
0.000887394;-0.00188431;-0.00094378;-0.00013262;-0.000905693;-0.00113559;-0.000170648;0.000861049;-0.000910342;0.000993103;-0.00140902;0.000591516;-0.00134146;0.00177577;-0.000468075;-0.00084278;0.000481963;2.18153e-05;0.000810504;0.00175297;-0.000842929;0.00181076;0.000429273;-0.000555485;0.000426352;0.000146627;-0.000370741;0.00303608;0.000143051;0.00214493;0.000567317;-0.000522375;9.35793e-06;-0.000361949;-0.00119704;0.00168693;0.000702739;0.00270796;0.000727415;0.000236899;0.000430584;-9.90629e-05;-0.000735521;0.000564933;-0.00339568;0.00396025;-0.0019905;0.00170344;0.000615776;-0.000819325;0.00128376;-0.00243568;0.000983655;-0.00451016;0.000132322;0.00190741;-3.24249e-05;0.0025332;-0.000829697;0.00353694;-0.00139564;0.00486928;0.000261068;0.00204182;-0.000317216;0.00312966;-0.00107712;0.00247276;-0.00118947;0.00146121;-0.000135362;0.00248319;-0.000461578;0.00296938;-0.00048244;0.00285274;-0.000475466;0.00280076;-0.000669241;0.00376368;-0.000518918;0.00381118;-0.000564933;0.00376832;3.83258e-05;0.00407672
-0.000926882;-0.000207961;-0.000148475;0.00149143;9.47714e-05;-0.00119877;-0.00103772;-0.00153261;-0.00199306;-0.00161648;-0.00171337;0.000300199;-0.000102341;0.00136065;-0.001221;0.00223735;-0.00162297;0.000545442;-0.00145918;-0.00115961;-0.00011605;0.00101525;-0.00129646;0.00222301;-0.00172019;-0.000265986;-0.0012086;-0.00256228;-0.000310302;0.000916392;-0.00146675;0.0022893;-0.00155592;0.000487596;-0.00122553;-0.00151289;-9.34005e-05;0.000543714;-0.000221312;0.0012778;-0.000900805;9.74536e-06;-0.00118047;-0.00153995;6.77705e-05;0.00122052;0.000681341;0.000410616;0.000963271;-0.000515223;0.00111067;-0.00158495;0.00162101;-0.00111574;-0.000550747;0.00194687;-0.00034523;0.00217861;0.000449836;0.000921011;0.00152022;0.000202179;-0.000948906;0.00128728;0.00192833;0.000643969;0.00275737;2.75373e-05;0.0027023;0.000657082;-0.000409663;0.000455916;0.00201023;-0.000450194;0.00205404;-0.000440836;0.00191832;-4.66704e-05;0.000518382;-0.000285089;0.00214934;-0.000428557;0.00217903;-0.00159407;0.00200218;-0.00166672
0.000621408;0.000654519;0.000383854;2.43187e-05;-0.000888228;0.00379109;-0.00148481;0.00318658;-0.00203574;0.00240546;-0.00361663;0.000829279;-0.00146657;0.00164238;-0.000723064;0.00145432;-0.000597656;0.00295365;-0.00112271;0.00528342;-0.00115949;0.00123075;4.59552e-05;0.000424653;-0.000120521;0.00218934;-0.000851572;0.004583;-0.000855029;0.000779688;0.000519812;-0.000419676;0.000410676;0.00165007;0.000112832;0.00390929;-0.000958085;0.000585586;-0.000207484;-0.000289619;0.000279069;0.00124046;0.000509024;0.00252098;0.000322223;0.00222355;-0.00164217;0.00249428;-0.00189006;0.00304586;-0.000364602;0.00378913;0.000203311;0.00538546;-0.000477374;-0.0032897;0.000778854;-0.00268579;0.00141042;-0.00350827;0.00223237;-0.0041312;9.60231e-05;-0.00392765;-0.00159967;-0.00415057;-0.00170475;-0.00387764;-0.00145686;-0.00257009;0.000328064;-0.00410593;-0.000954509;-0.00385499;-0.00104594;-0.00322646;-0.00126755;-0.00227636;7.4625e-05;-0.00355208;-0.00103521;-0.00354302;-0.000799954;-0.00315058;-0.00106323;-0.00342518
-0.00112379;-0.000184536;0.00138271;-0.0024755;0.00102818;-0.000537932;0.000855029;-0.000370383;0.000543773;0.000231773;0.00199771;-0.000396848;-0.000638187;-0.00335991;-0.00179005;-0.00181669;-0.0014537;-0.00123632;-0.000449479;-0.00192484;-0.00103909;-0.00357181;-0.00174618;-0.00170144;-0.000687778;-8.23438e-05;0.000673115;-0.000115037;-0.00133413;-0.00330511;-0.00208962;-0.000709504;-0.00132835;0.000577658;-1.37091e-05;0.000509948;-0.00107402;-0.0032222;-0.00213259;-0.000681102;-0.00114548;0.000271708;0.000324667;0.00112852;-0.00236887;-0.00169617;0.000237525;-0.00337279;0.00111705;-0.000365794;-0.000216007;0.00179231;-0.000514984;0.00296938;-0.0011462;-0.000381887;-0.00189942;-0.00168759;-0.00188106;-0.00214398;-0.00267953;-0.00320655;-0.00106031;0.000607908;-0.00129169;0.00064075;-0.000794709;0.00198811;-0.000866473;0.00158411;-0.00096792;0.00132519;-0.000981629;0.000418365;-0.000879765;0.00124574;-0.000960529;0.000560164;-0.00140077;0.00119585;-0.00142688;0.000689328;-0.00176328;0.00101483;-0.00207877;0.00068742
0.000588119;-0.0013493;-0.00241601;-0.000683546;-0.00195551;-0.00196701;-0.000742137;-0.00215024;-0.000315368;-0.00236037;-0.00208187;-0.00142562;-0.000641406;-0.000456274;-0.000159323;-0.00249779;0.000213981;-0.00370854;0.000672579;-0.00448382;-0.000240028;0.000191242;-9.54866e-05;-0.00204277;-0.000347495;-0.00349557;-0.000704706;-0.00397432;-0.000248969;0.000704587;-9.18508e-05;-0.000648707;-0.000689387;-0.00142783;-0.00153595;-0.00184196;-0.000279725;0.0013788;-0.00044322;-0.000343859;-0.000902236;-0.000780523;-0.00167972;-0.000856161;0.00164032;0.000788569;-1.40071e-05;0.000933409;-0.00151914;-0.000757217;-0.00231063;-0.00194377;-0.00277686;-0.00324357;-0.000565588;0.00317752;-0.000424922;0.000927866;-0.00178701;0.00179416;-0.00255305;0.00337654;-0.000344336;0.00186282;0.000790298;-0.00085938;0.00102854;-0.00318211;0.0015263;-0.00440377;-0.000284612;0.000614405;0.000237465;-0.00163764;0.000536799;-0.00324404;0.00104916;-0.00288421;0.000482082;7.92742e-05;0.000797808;-0.00278002;0.00146389;-0.00454801;0.00213045;-0.00449312
0.000165671;2.7746e-05;0.000864446;0.000431001;0.000448346;0.000422597;-0.000693917;-0.000140011;-0.000358045;-0.000153363;0.00252685;-0.00126219;0.000251472;-6.95586e-05;0.000124037;0.000669926;-0.000298142;0.00179726;-0.00118649;0.0028092;-5.21541e-05;-0.000513703;-0.000384212;-4.6581e-05;8.13007e-05;0.000262618;0.000591278;0.000463247;0.00018245;-0.00146985;-0.000105321;-0.00155759;0.000299633;-0.00161391;0.000917196;-0.00102672;1.20401e-05;-0.0025588;-0.000351667;-0.002094;-0.000452399;-0.00201651;-4.55379e-05;-0.00122064;-0.000316679;-0.00329864;0.00127745;-0.00298536;0.00126541;-0.00169557;0.00100744;-0.00135034;0.00168949;-0.00118524;-0.000269115;-0.00171107;-0.000127733;-0.000170171;0.00105286;-0.000842154;0.00218773;-0.00144351;-0.000865459;-0.00150239;0.00151891;0.00165838;0.00179899;0.00412583;0.000704885;0.00507551;-0.000517249;-0.00154167;0.00101948;0.00234181;0.00157917;0.00415266;0.00125778;0.00373244;-0.000573456;-0.00176102;0.00100583;0.00169742;0.00101811;0.00352347;0.000701308;0.00368756
0.000776082;0.000234663;0.00200111;-0.001688;0.00104868;-0.000543356;0.000678897;-8.82149e-05;3.618e-05;-0.000739127;-0.000373721;-0.00146055;0.0012145;-0.00303417;0.00123709;-0.00294825;0.00185084;-0.00344613;0.00239003;-0.00389269;0.00235224;-0.00393641;0.00174218;-0.00347424;0.00136966;-0.00249392;0.000840545;-0.00132626;0.0024727;-0.0037823;0.00110936;-0.00252745;0.000728309;-0.00153035;0.000342607;-0.000734448;0.00224054;-0.0033021;0.00114232;-0.00210094;0.00136065;-0.00160664;0.00175309;-0.00146234;0.000490129;0.000348866;-0.00152367;0.00138146;-0.00213718;3.54052e-05;-0.00206429;-0.000956714;-0.00295305;-0.00208592;0.000570297;-0.00174916;0.000579834;0.000301898;9.74536e-05;0.0012067;-0.000737906;0.00138694;0.00110298;-0.00121939;-0.00130844;0.000553012;-0.00191331;-0.000339389;-0.00140923;-0.000836253;0.000549197;-0.000240564;-0.00189853;0.00108856;-0.00203633;-0.000390589;-0.00118196;-0.000831425;-0.000117362;-9.97782e-05;-0.0017972;0.000547945;-0.0019179;0.000526905;-0.00153828;0.000821054
0.001818;-0.000350416;-0.00347751;0.00236785;-0.00168216;-0.00144374;-0.000721633;-0.000668705;-0.00103223;0.000812292;-0.00116515;0.00146213;-0.000291646;0.00204402;0.000453711;0.000188351;0.000557125;0.00061661;0.000390053;0.00290272;-0.0013485;0.00402397;0.000124037;0.001699;0.000437081;0.00139314;6.50883e-05;0.00270087;-0.00196946;0.00495517;0.000504017;0.00212666;0.000878811;0.000962198;-0.000101089;0.00139877;-0.00211483;0.00499386;5.97239e-05;0.00205186;0.000216186;0.00114727;-0.00110382;0.00111341;-0.00086683;-0.00318807;0.000705659;-0.00335491;0.000923395;-0.00178832;0.000544488;-0.00157285;0.000777245;-0.00092268;0.000229359;-0.00233865;0.00126863;-0.0027898;0.00235397;-0.00355917;0.00359684;-0.00370383;-0.0011043;-0.0030483;0.00123948;-0.00431281;0.00110841;-0.00526077;0.000585675;-0.00441271;-0.00125867;-0.00393069;0.00157815;-0.00446922;0.00109982;-0.00444359;0.000188828;-0.00387758;-0.00063777;-0.00423348;0.00121886;-0.00337726;0.00108427;-0.00431895;0.000423133;-0.00513881
0.00100648;0.000535458;0.00553137;-0.0020901;0.00395364;0.00100756;0.00184381;0.00184911;0.00138396;0.00240284;0.0037185;0.00235021;0.000325739;-0.00296435;0.000135481;-0.00182298;0.000551045;-0.000885874;0.00110632;-0.00040406;0.000844061;-0.00417939;4.60744e-05;-0.00235671;0.000394821;-0.0012486;0.000557959;-0.00022459;0.00155538;-0.00468773;8.36849e-05;-0.00238264;0.000787497;-0.000648707;0.00172764;0.000625521;0.00206417;-0.00415552;0.00107008;-0.0020119;0.00164688;-0.000623763;0.00302589;0.00055927;-0.00114995;-0.00199175;-0.000308514;-0.00061202;0.000106335;-0.00195324;0.000579059;-0.00220978;0.0004071;-0.00279742;-0.00208783;0.000359893;-0.00220984;-0.000112057;-0.00269461;0.00134689;-0.00272799;0.00286269;-0.00128299;0.00203574;-0.00069958;0.00327283;-0.000785112;0.00352013;-0.00063175;0.00271469;-0.000468016;0.00369489;-0.000507653;0.00461787;-4.79221e-05;0.00403267;5.8949e-05;0.00301534;6.73532e-05;0.00479126;-0.000398517;0.00485104;-0.000283122;0.00524116;-8.20756e-05;0.00534296
0.000685781;-0.00100195;-0.00380999;0.000670552;-0.00227362;-0.00296509;-0.000184715;-0.00457954;8.08835e-05;-0.00547564;-0.00212863;-0.00261027;-0.000222325;0.00106409;-0.00142729;0.000947952;-0.00208944;-0.000564992;-0.00216895;-0.00214309;-0.000503898;0.000404119;-0.00169724;-0.000689805;-0.00200117;-0.00313359;-0.00180632;-0.00470304;-0.000755131;-0.000589401;-0.00165683;-0.00206456;-0.00233173;-0.00377181;-0.00293493;-0.0053156;-0.00103658;-0.00228265;-0.00169241;-0.00441557;-0.00235486;-0.00545779;-0.00316364;-0.00672406;0.00125992;-0.00144619;5.65052e-05;-0.00040406;-0.000310659;-0.000993907;-0.000629961;-0.00152552;-0.000654876;-0.00193137;0.000690937;0.000584126;0.000565588;0.000991762;0.000218153;0.00145453;-9.07779e-05;0.00172877;0.000648499;0.000488758;-0.000448525;-0.000883996;-0.000475466;-0.0017069;-4.54783e-05;-0.00176924;0.000151396;-0.000473142;-0.000670671;-0.000832856;-0.000993669;-0.00156587;-0.000760496;-0.00144762;0.000493705;-0.00162137;0.000404775;-0.00284338;0.000319958;-0.00341958;0.000640094;-0.00342727
0.000189185;-6.42836e-05;0.0028646;-0.000439048;0.00132978;0.00164723;-0.00026089;0.00259393;-0.000353575;0.00233105;0.00210232;-0.00219786;0.00140667;-0.00165445;0.00201005;-0.00259402;0.00195974;-0.001284;0.00153232;0.000344753;0.00161988;-0.00107458;0.00244462;-0.00147963;0.00234824;0.000647247;0.00199431;0.0017134;0.00157619;-0.00045079;0.00242084;-1.09673e-05;0.00237846;0.00101247;0.00297868;0.00181729;0.00158584;0.0006468;0.00229836;0.00198153;0.00228482;0.00255895;0.00310659;0.0033626;0.000513852;-0.000164807;0.000135601;0.000989318;-0.000989914;0.00226361;-0.00155222;0.00410444;-0.00157273;0.00727618;-2.27094e-05;-0.000545025;-0.000412166;-0.000193954;6.15716e-05;-0.00127733;0.000625849;-0.00215548;0.000356853;-0.00135618;0.000879288;-0.000747383;0.00128299;6.92606e-05;0.00116962;0.000413895;0.000421762;-0.00111574;0.000899553;-0.000196874;0.0011363;0.000117242;0.00113416;0.000181317;-4.77433e-05;-0.00058645;0.000799179;0.000133932;0.00104511;0.000493288;0.00115091;0.00032419
0.000122309;-0.000498295;-0.000940502;0.00164545;-0.00025022;6.03199e-05;0.000189364;-9.62019e-05;-0.00027436;7.63535e-05;-0.0011808;0.00203037;-0.000220358;0.000311643;-0.00114816;0.00147209;-0.00140345;0.00100005;-0.00129002;-0.000362754;-0.000438571;-0.000278145;-0.000978589;0.000716209;-0.000922203;-0.000526488;-0.00101924;-0.00175852;-0.000758827;-0.000569552;-0.000749946;-0.000508845;-0.00103748;-0.000950485;-0.00170928;-0.00132889;-0.000986993;-0.000814646;-0.000819325;-0.00171;-0.000860214;-0.00217053;-0.00113887;-0.00280127;0.000477552;-0.00195587;0.000501215;-0.00301492;0.000377893;-0.0023433;0.000265658;-0.00319207;0.000345886;-0.00430012;-0.00016433;-0.0014863;0.000114202;-0.000837386;0.000793576;-0.00148118;0.00145018;-0.00228536;-0.00076139;-0.00082922;-0.00106686;-0.000683188;-0.00122797;-0.000398278;-0.00111395;0.000206053;-0.000460148;-0.00153285;-0.000778079;-0.00117993;-0.00102943;-0.000951588;-0.000912845;-0.000340343;0.000123203;-0.00233084;-0.000119805;-0.00206345;-0.00048548;-0.00155556;-0.00091356;-0.000812232
-0.000120252;0.000708252;0.00147396;-0.000596941;0.000832558;0.000396788;0.000140727;-0.00136024;0.000445783;-0.00285766;0.000138313;-0.00311434;0.000554025;-0.00150242;0.00095886;-0.00197032;0.000975251;-0.00283742;0.00111538;-0.00404531;0.00116533;-0.00181165;0.000861704;-0.00188667;-0.000118494;-0.00191754;-0.000370145;-0.00260541;0.00182074;-0.0021174;0.000881612;-0.00165233;0.000382245;-0.00155681;0.000613272;-0.00219831;0.00220186;-0.00229153;0.00114822;-0.000758231;0.000911176;-0.000274569;0.000826836;-2.25008e-05;-4.85778e-05;-0.00135893;0.00015229;-0.00118238;2.25306e-05;-0.000514627;0.000381172;-0.000268459;0.000865459;-0.000477016;-0.000233412;-0.00173748;0.000191152;-0.001881;6.78301e-05;-0.00132608;-0.000150859;-0.00148064;-0.000560403;-0.00199586;0.000155389;-0.00212419;0.000204802;-0.00158966;0.000282228;-0.0011456;-0.000931501;-0.00193262;-0.000555694;-0.00148463;-0.000296712;-0.00114143;-0.000253201;-0.00158012;-0.00109375;-0.00235736;-0.000701308;-0.00174588;-0.000405669;-0.00150841;-0.000279248;-0.00150663
0.000457525;1.21295e-05;-0.0012207;-0.000639737;0.000662982;-0.0064829;0.00050652;-0.00604969;0.000438094;-0.00350165;0.00155303;0.00179231;-0.0033496;-0.000319749;-0.00303215;-0.00131273;-0.00145578;-0.00105047;-0.000483871;0.000380814;-0.00312018;0.000895798;-0.00158495;-0.00105226;-0.00055778;-0.00192115;-0.000243068;-0.000161558;-0.00212407;0.000595421;-0.000110328;-0.00115827;0.000766575;-0.00148624;-0.000210464;0.000873655;-0.00109035;-0.000799;0.00102019;-0.00332883;0.000909209;-0.00393492;-0.00057584;-0.00303885;-0.00148767;-0.00349814;-0.000141442;-0.00400335;0.000290692;-0.00477237;0.000475764;-0.00621444;0.000726998;-0.00779468;-0.00204688;-0.00187141;-0.00104237;-0.000545204;-6.41346e-05;0.000136971;0.000689805;0.000953257;-0.00235546;-0.0017556;-0.00134045;0.000565946;-0.00117224;-5.6684e-05;-0.00118679;-0.000696421;-0.00198823;-0.00176233;-0.00185281;-0.000834525;-0.00153804;-0.00150496;-0.000929177;-0.00220001;-0.00144744;-0.00296098;-0.00119454;-0.00291079;-0.00114328;-0.00289738;-0.00117844;-0.00318211
7.236e-05;3.76403e-05;0.00100881;-0.000326097;0.000167906;0.00197715;0.000323713;0.00252497;-0.000996292;0.00220665;-0.00374737;0.00173515;0.00153625;0.000229329;0.000857353;-0.000579804;0.000404179;-0.00198692;0.000605583;-0.00359255;0.00196207;-0.000977308;0.000541329;-0.000383496;0.000690997;-0.00150114;0.00164717;-0.00286937;0.00184202;-0.00141171;0.000245869;-0.000826895;-0.000207543;-0.00133568;0.000541925;-0.00357771;0.00180805;-0.000827968;-0.000124931;-0.000398725;8.744e-05;-6.93798e-05;0.000854015;-0.000822455;0.00139809;-0.00503677;0.000955939;-0.00376308;0.000119865;-0.00316435;0.000105381;-0.00456417;0.000926673;-0.00587535;-0.00319785;0.0035916;-0.00402087;0.00520092;-0.00303167;0.00496727;-0.00274616;0.0071367;-0.00498927;0.00325149;0.000425637;0.00140464;0.00129151;0.000280499;-0.000795066;0.00015229;-0.00478429;0.00220126;0.000438571;-0.000170469;0.000800133;-0.000161588;-0.000996172;0.000253081;-0.00328743;0.00174946;0.00278783;-0.00150752;0.00392842;-0.00226039;0.00310451;-0.00180048
-0.000652969;-0.00141937;7.54595e-05;0.00551116;-0.00206017;0.00953704;-0.00215346;0.00938618;-0.00135404;0.00654992;-0.000365973;-0.000803679;0.0024085;0.00304773;0.00139189;0.00435308;-0.000162542;0.00384763;-0.00183684;0.00296789;0.00141746;0.00400367;-0.000175059;0.00452667;-0.00123209;0.00284401;-0.00211757;-0.00133461;9.23276e-05;0.00604323;-0.00047344;0.00599062;-0.00123519;0.00334299;-0.00180137;-0.000480026;-0.00151706;0.00817028;-0.000544429;0.00804374;-0.00141937;0.00622815;-0.00183958;0.00321475;0.00427282;0.00270581;0.00367326;0.00755489;0.00235605;0.00382215;0.00209463;-0.00285125;0.00220317;-0.0115613;-0.006042;0.00649536;-0.000422895;0.00699383;0.00214273;0.0100492;0.00399631;0.00923955;-0.00680882;0.00759506;-0.00108075;0.00459385;-0.000555873;0.00873387;-0.00116909;0.00932074;-0.00608391;0.00761122;-0.00030607;0.00272119;0.00101429;0.0045405;0.00182259;0.00331461;-0.00469977;0.00861079;-0.000706732;0.0027054;0.00134426;0.00445765;0.00271249;0.00508767
-0.00128239;-0.00149739;-0.00176853;0.0190679;-0.0025726;0.020805;-0.00477624;0.0144531;-0.00511682;0.00997946;-0.00421321;0.00892034;0.00116062;0.0136221;-0.000633597;0.0156333;-0.00285333;0.0111225;-0.00534904;0.00483552;0.000735462;0.0140321;-0.00227159;0.0154439;-0.00358957;0.00994539;-0.00365287;-0.00103888;-0.000194073;0.0156051;-0.000219584;0.0157867;0.000366032;0.0118857;0.00136298;0.00419852;-0.000605524;0.0181735;4.8697e-05;0.0203229;0.000783265;0.0163338;0.00199062;0.00998741;-0.0040164;0.0164874;-0.00301456;0.0178717;-0.000459909;0.0137992;0.00461411;0.0162491;0.00729185;0.0116519;-0.0119335;0.0198088;-0.00755483;0.027585;-9.10163e-05;0.0336035;0.00233197;0.037158;-0.0103595;0.0236346;-0.00423557;0.0193784;-0.000205755;0.0154757;-0.00140011;0.011307;-0.00752848;0.0263503;-0.00281203;0.0182537;-0.00179738;0.0182412;-0.00477475;0.0178264;-0.00658321;0.0269834;-0.00353533;0.0197874;-0.00198895;0.021729;-0.00128627;0.0227327
0.00271669;-0.00755119;0.00255853;0.0276777;0.000424206;0.0298535;-0.000138998;0.0314725;4.46439e-05;0.0370527;0.00111073;0.046046;-0.00253856;0.0218171;-0.00497437;0.0205334;-0.00706589;0.0188977;-0.00922257;0.0148902;-0.00244492;0.024018;-0.00362009;0.0248457;-0.00804615;0.0212666;-0.0111461;0.015422;-0.00100976;0.0255283;-0.00224942;0.026613;-0.00502527;0.0217944;-0.00724453;0.0170873;0.00130057;0.02691;0.00351471;0.0294751;0.00352502;0.0255696;0.0038107;0.021011;0.00039345;0.0171111;-0.00387901;0.000208378;-0.00310767;-0.00397754;-0.00255126;-0.00906056;-0.00319517;-0.013117;-0.0177706;0.0291586;-0.00505418;0.0373639;0.00640863;0.0442322;0.0126947;0.0542662;-0.01874;0.037429;-0.0113958;0.0354692;-0.00775909;0.0249255;-0.0083673;0.0181379;-0.0162519;0.0380502;-0.0055719;0.0281857;-0.00654316;0.0209937;-0.0107597;0.0191897;-0.0117068;0.0374942;-0.00318277;0.0275357;-0.00188702;0.0208999;-0.00314075;0.0163977
-0.000116497;0.00277531;0.00519508;0.0174998;0.00146508;0.0343141;0.00165063;0.0401663;-0.00203204;0.035053;-0.00457779;0.0260154;-0.00458258;0.0228277;-0.0057531;0.0168707;-0.00524253;0.027686;-0.00502759;0.049503;0.00201994;0.0165502;0.00494814;0.0143339;0.00546527;0.048249;0.00564247;0.0941277;0.00566238;0.0107571;0.00615311;0.0155716;0.00535071;0.0447187;0.00757211;0.0874694;0.00471163;0.0013957;-0.0020743;0.00280392;-0.00432146;0.0228231;-0.00185955;0.0600526;-0.00699592;0.00661063;-0.0031814;0.0283796;0.00449693;0.0405481;0.00555021;0.0474029;-0.000659049;0.0484601;0.00771654;0.0389499;0.00585639;0.0557153;-0.00144929;0.0553439;-0.00734884;0.0563926;-0.00137365;0.0379755;-0.000672638;0.053497;-0.00171822;0.0494539;-0.00401121;0.040513;-0.0102718;0.03745;-0.0092302;0.0563298;-0.0116449;0.0524622;-0.0149489;0.0432802;-0.0210777;0.0366424;-0.0197162;0.0554104;-0.0215756;0.0491419;-0.0267904;0.0365998
0.00510502;-0.00840974;-0.00462633;0.0402155;-0.00909221;0.0286169;-0.0031743;0.030834;-0.000512898;0.039983;-0.00103363;0.0664631;0.0158449;0.0509855;0.00205892;0.0466458;-0.0132264;0.126514;-0.0128116;0.191274;0.0132831;0.0668679;-0.00825852;0.0879226;-0.0211844;0.160845;-0.0161047;0.203557;0.0102028;0.0802506;-0.00752467;0.102667;-0.019827;0.171187;-0.0172825;0.209676;0.00449967;0.0904988;-0.00897682;0.12115;-0.0185394;0.177679;-0.0163041;0.212379
-0.00537223;0.0045687;-0.0189093;-0.0148538;-0.0197094;-0.0132546;-0.0202125;-0.00219584;-0.0103173;0.0154554;-0.000492483;0.0230613;-0.0195651;0.0331593;-0.00530064;0.0957813;0.0129427;0.0652381;0.015504;0.0262068;-0.0165747;0.0253962;-0.00167936;0.0759577;0.0153307;0.0430796;0.0148439;0.0100859;-0.0171596;0.0200118;-0.00552422;0.0662353;0.00697666;0.0432541;0.00622237;0.0206457;-0.0207798;0.0105147;-0.00562662;0.0380408;0.00221884;0.0235986;-0.00228739;0.00939864
0.00566852;-0.00054279;0.178884;0.0535494;0.264177;0.103241;0.312672;0.147248;0.338073;0.181455;0.359319;0.198596;0.311413;0.207643;0.329439;0.21694;0.317347;0.187405;0.302609;0.172074;0.273878;0.199625;0.293907;0.195771;0.279301;0.164943;0.265863;0.153234;0.23734;0.176987;0.25606;0.165266;0.245778;0.138667;0.233681;0.125952;0.206256;0.150219;0.218402;0.136158;0.218218;0.114784;0.217603;0.100076
0.0140322;0.00420511;0.0266475;-0.0186276;-0.00212425;-0.0727971;-0.0283071;-0.102424;-0.0531951;-0.119048;-0.0829049;-0.131193;-0.00829649;-0.106336;-0.0170411;-0.0774975;-0.0128289;-0.0647136;-0.00948113;-0.0673327;0.00702816;-0.0721173;-0.00289381;-0.0374318;0.000407279;-0.0299782;-0.0014596;-0.0347283;0.017513;-0.039178;-0.0070585;-0.00231713;-0.017069;0.0100256;-0.0242084;0.00917011;0.0221183;-0.00976372;-0.0104425;0.021365;-0.0227162;0.0280166;-0.0288579;0.0229246
0.0331776;-0.0169294;0.015268;0.0135101;0.00163293;0.021292;-0.00595593;0.0167399;-0.00744832;0.00742847;-0.00458324;-0.000621557;-0.0212214;0.0196739;-0.0392307;0.000103295;-0.0489638;-0.00267893;-0.0544586;0.00910473;-0.0191998;0.00959522;-0.0371101;-0.0157736;-0.0448341;-0.0170082;-0.0480592;-0.00426424;-0.0123773;0.000454664;-0.0131453;-0.0304121;-0.00817096;-0.0368179;-0.00391084;-0.0297371;-0.000626624;-0.0069319;0.00704414;-0.0335366;0.0111589;-0.0372396;0.0121099;-0.0304422
