face_x;face_y;landmark_x_1;landmark_y_1;landmark_z_1;landmark_x_2;landmark_y_2;landmark_z_2;landmark_x_3;landmark_y_3;landmark_z_3;landmark_x_4;landmark_y_4;landmark_z_4;landmark_x_5;landmark_y_5;landmark_z_5;landmark_x_6;landmark_y_6;landmark_z_6;landmark_x_7;landmark_y_7;landmark_z_7;landmark_x_8;landmark_y_8;landmark_z_8;landmark_x_9;landmark_y_9;landmark_z_9;landmark_x_10;landmark_y_10;landmark_z_10;landmark_x_11;landmark_y_11;landmark_z_11;landmark_x_12;landmark_y_12;landmark_z_12;landmark_x_13;landmark_y_13;landmark_z_13;landmark_x_14;landmark_y_14;landmark_z_14;landmark_x_15;landmark_y_15;landmark_z_15;landmark_x_16;landmark_y_16;landmark_z_16;landmark_x_17;landmark_y_17;landmark_z_17;landmark_x_18;landmark_y_18;landmark_z_18;landmark_x_19;landmark_y_19;landmark_z_19;landmark_x_20;landmark_y_20;landmark_z_20;landmark_x_21;landmark_y_21;landmark_z_21;landmark_x_22;landmark_y_22;landmark_z_22;landmark_x_23;landmark_y_23;landmark_z_23;landmark_x_24;landmark_y_24;landmark_z_24;landmark_x_25;landmark_y_25;landmark_z_25;landmark_x_26;landmark_y_26;landmark_z_26;landmark_x_27;landmark_y_27;landmark_z_27;landmark_x_28;landmark_y_28;landmark_z_28;landmark_x_29;landmark_y_29;landmark_z_29;landmark_x_30;landmark_y_30;landmark_z_30;landmark_x_31;landmark_y_31;landmark_z_31;landmark_x_32;landmark_y_32;landmark_z_32;landmark_x_33;landmark_y_33;landmark_z_33;landmark_x_34;landmark_y_34;landmark_z_34;landmark_x_35;landmark_y_35;landmark_z_35;landmark_x_36;landmark_y_36;landmark_z_36;landmark_x_37;landmark_y_37;landmark_z_37;landmark_x_38;landmark_y_38;landmark_z_38;landmark_x_39;landmark_y_39;landmark_z_39;landmark_x_40;landmark_y_40;landmark_z_40;landmark_x_41;landmark_y_41;landmark_z_41;landmark_x_42;landmark_y_42;landmark_z_42
0.48025;0.363913;0.362433;0.950732;6.28485e-06;0.392519;0.948728;0.00346646;0.411283;0.966011;0.00108556;0.420094;0.987646;-0.000804461;0.423474;1.00415;-0.00454001;0.405914;0.96565;-0.0119108;0.41722;0.995896;-0.00462194;0.418079;1.01201;0.0076731;0.417083;1.01887;0.0168492;0.393921;0.972893;-0.0106565;0.402002;1.00544;-0.00200586;0.399274;1.01955;0.0076505;0.397682;1.02556;0.013233;0.380456;0.979625;-0.00717023;0.388078;1.00895;0.00302008;0.387209;1.01818;0.0129618;0.384938;1.02077;0.0188494;0.367565;0.984878;-0.00391001;0.372397;1.00668;0.00386763;0.373458;1.01187;0.00871841;0.373054;1.01392;0.0122385
0.479114;0.363559;0.357057;0.919991;6.41787e-06;0.388156;0.924503;-0.0201102;0.411236;0.945811;-0.0398506;0.424565;0.970036;-0.0516381;0.433115;0.99225;-0.0620446;0.398625;0.94633;-0.0831536;0.405553;0.979269;-0.112943;0.408536;1.00575;-0.126358;0.409646;1.02758;-0.134644;0.380434;0.952732;-0.0813287;0.383242;0.995138;-0.115508;0.385046;1.02633;-0.131783;0.385306;1.04947;-0.145889;0.363365;0.957694;-0.0764461;0.364904;0.998977;-0.105545;0.367347;1.02699;-0.119946;0.368647;1.0479;-0.130994;0.348994;0.960638;-0.0707743;0.349762;0.992606;-0.0937574;0.351145;1.01441;-0.105841;0.353085;1.03215;-0.116297
0.477969;0.363243;0.354683;0.901063;8.35086e-06;0.388632;0.902329;-0.0273958;0.413143;0.922228;-0.0513341;0.427256;0.948442;-0.067988;0.436148;0.971202;-0.0835598;0.388548;0.91977;-0.091636;0.393002;0.954492;-0.123307;0.400479;0.977905;-0.13397;0.405685;0.995014;-0.139777;0.368177;0.927612;-0.0883105;0.374127;0.968558;-0.121724;0.380483;0.999402;-0.13302;0.384708;1.02104;-0.142838;0.350513;0.933697;-0.0828208;0.35616;0.976767;-0.112539;0.363104;1.0042;-0.122568;0.368621;1.02266;-0.129431;0.336652;0.937218;-0.0777006;0.337658;0.967351;-0.100187;0.342425;0.986372;-0.108844;0.347422;0.999346;-0.116234
0.477767;0.36373;0.338788;0.879829;8.49979e-06;0.37616;0.878401;-0.0182632;0.402642;0.897495;-0.0392757;0.417656;0.922472;-0.0547055;0.43263;0.944374;-0.067947;0.372767;0.923093;-0.0813008;0.388015;0.970941;-0.0817496;0.393057;0.961808;-0.0626729;0.390841;0.949227;-0.0494313;0.352369;0.934229;-0.0723796;0.371666;0.984623;-0.0708085;0.378834;0.973025;-0.0442413;0.376545;0.958646;-0.0286713;0.33688;0.943045;-0.0612701;0.354397;0.988996;-0.0581281;0.361864;0.978021;-0.0364984;0.359789;0.964494;-0.0252206;0.325019;0.947463;-0.0506657;0.338405;0.981499;-0.0477761;0.345253;0.975598;-0.0369472;0.344502;0.965077;-0.0311962;0.63019;0.916911;1.5517e-05;0.599323;0.910579;-0.0209878;0.571465;0.928584;-0.0385976;0.551463;0.946663;-0.0517971;0.530628;0.951486;-0.0690002;0.576098;0.972877;-0.0612745;0.566266;1.02273;-0.0822623;0.559995;1.0524;-0.0938353;0.556551;1.07952;-0.102343;0.593667;0.983492;-0.0562073;0.586887;1.03919;-0.0789468;0.581241;1.07228;-0.0901444;0.579567;1.1;-0.0991526;0.610234;0.987599;-0.0497014;0.606243;1.03871;-0.0706267;0.602385;1.07239;-0.0821372;0.601543;1.10008;-0.0905198;0.623644;0.986194;-0.042914;0.622391;1.02276;-0.0591788;0.620112;1.04818;-0.067624;0.619743;1.07246;-0.0743176
0.478196;0.36471;0.335203;0.869665;9.70382e-06;0.371425;0.863413;-0.0202742;0.398708;0.880017;-0.0412904;0.414965;0.900395;-0.0563402;0.430293;0.915562;-0.0694605;0.368836;0.910818;-0.0847181;0.38617;0.956166;-0.0972448;0.39139;0.949026;-0.0855493;0.389105;0.935574;-0.0720134;0.34818;0.92308;-0.076466;0.370914;0.970036;-0.0862023;0.37589;0.955393;-0.0682732;0.372398;0.939024;-0.0589821;0.331766;0.932188;-0.0667296;0.353537;0.976378;-0.0718946;0.359722;0.962088;-0.055984;0.357066;0.945445;-0.0499582;0.31984;0.937752;-0.0581806;0.338617;0.971063;-0.0589227;0.344732;0.961663;-0.053075;0.343234;0.947759;-0.0525407;0.630831;0.916591;1.70236e-05;0.602289;0.898604;-0.0283118;0.576549;0.909047;-0.0498856;0.557085;0.925477;-0.0661432;0.536886;0.934888;-0.085368;0.580686;0.958649;-0.0618161;0.559316;0.995301;-0.0838844;0.551064;1.0136;-0.0916733;0.547962;1.02477;-0.0942077;0.597163;0.976059;-0.0527291;0.578904;1.01882;-0.0691104;0.57138;1.03429;-0.0695431;0.569738;1.04289;-0.069914;0.613894;0.986125;-0.0438585;0.599207;1.02826;-0.0581071;0.593244;1.04482;-0.0597143;0.592322;1.05421;-0.0597762;0.629532;0.990132;-0.0356061;0.621002;1.02566;-0.0484329;0.615655;1.04102;-0.0522037;0.61476;1.05135;-0.0535327
0.477647;0.365629;0.324412;0.863516;1.12593e-05;0.361856;0.851557;-0.0197976;0.390346;0.862893;-0.0419118;0.407136;0.882952;-0.0579449;0.419315;0.898434;-0.0706556;0.366078;0.894554;-0.0766909;0.385815;0.933231;-0.0775444;0.387822;0.92096;-0.0617246;0.382639;0.906578;-0.052123;0.347474;0.910002;-0.0698021;0.371664;0.948292;-0.0722406;0.372908;0.930448;-0.0567561;0.366891;0.914874;-0.0525802;0.332305;0.922992;-0.0615722;0.357195;0.956534;-0.0579449;0.35811;0.939397;-0.0438626;0.351068;0.925414;-0.0415155;0.321226;0.933077;-0.055293;0.342359;0.956805;-0.0538604;0.344268;0.944167;-0.0518791;0.339323;0.932226;-0.0556893;0.636222;0.901238;1.77713e-05;0.605693;0.882222;-0.0150428;0.580682;0.889809;-0.032594;0.561629;0.908623;-0.0418176;0.545487;0.922876;-0.0483301;0.593091;0.937194;-0.0661229;0.563341;0.980201;-0.0623836;0.552536;0.982052;-0.0377355;0.549706;0.978024;-0.0174967;0.608818;0.957876;-0.0562138;0.576348;0.996884;-0.050823;0.567623;0.989103;-0.0218592;0.568264;0.977389;-0.00526225;0.622179;0.970378;-0.0431575;0.593752;1.00137;-0.0347129;0.587065;0.992584;-0.0112412;0.589166;0.979774;0.000516098;0.633283;0.977004;-0.0305686;0.616452;1.00511;-0.0234951;0.609835;1.00162;-0.0146143;0.610284;0.992403;-0.01047
0.476676;0.365945;0.337379;0.874182;9.25464e-06;0.366241;0.861015;-0.0279141;0.388706;0.861504;-0.0600676;0.400179;0.877333;-0.0851187;0.401371;0.893609;-0.106701;0.365148;0.862314;-0.10516;0.377519;0.904349;-0.12509;0.38014;0.902276;-0.116061;0.380098;0.891085;-0.107252;0.345211;0.873358;-0.0985527;0.360913;0.92425;-0.118483;0.363753;0.917969;-0.0981673;0.361791;0.902478;-0.0877064;0.329695;0.888458;-0.0910649;0.344546;0.936276;-0.104774;0.347321;0.927195;-0.0869355;0.345776;0.911889;-0.0795579;0.318113;0.903488;-0.0858895;0.327596;0.936898;-0.0934874;0.331788;0.931152;-0.0906244;0.333167;0.918572;-0.093157;0.643672;0.892799;1.63529e-05;0.612978;0.871837;-0.021707;0.58704;0.882232;-0.0401654;0.569299;0.905441;-0.0469285;0.558891;0.926406;-0.0474306;0.600806;0.923479;-0.0722977;0.568481;0.968655;-0.0625517;0.559322;0.966869;-0.0308624;0.560658;0.958012;-0.00602481;0.616499;0.946793;-0.0577082;0.581165;0.991362;-0.0567336;0.571364;0.983572;-0.0284111;0.572662;0.970101;-0.00818074;0.628839;0.962469;-0.0394861;0.597517;0.997874;-0.0350561;0.588865;0.98907;-0.0142055;0.589987;0.976278;-0.000954297;0.638835;0.971887;-0.0211459;0.618669;0.999603;-0.0178972;0.610043;0.993876;-0.00744979;0.60911;0.982187;0.00144252
0.476662;0.366111;0.318633;0.863868;7.40242e-06;0.350619;0.856414;-0.018868;0.381985;0.858597;-0.044284;0.397745;0.874362;-0.0622185;0.392491;0.891419;-0.0788907;0.361446;0.851875;-0.111183;0.383983;0.906106;-0.131905;0.381366;0.910315;-0.129381;0.371398;0.902808;-0.128329;0.340566;0.866636;-0.106292;0.36776;0.936058;-0.11192;0.365083;0.931176;-0.0734735;0.356322;0.91427;-0.0515682;0.322834;0.885503;-0.0999282;0.349454;0.946666;-0.0991393;0.348469;0.937555;-0.0603777;0.341854;0.920694;-0.040208;0.309209;0.90586;-0.0965096;0.332074;0.950223;-0.100244;0.334588;0.944105;-0.084939;0.332206;0.932159;-0.0784699;0.649629;0.889586;1.86061e-05;0.611989;0.876167;-0.0122437;0.585225;0.893782;-0.024426;0.570885;0.926742;-0.0259152;0.565681;0.956426;-0.0208182;0.604923;0.930671;-0.0751051;0.574579;0.9763;-0.0589848;0.567149;0.964037;-0.0263298;0.571469;0.949709;-0.00662466;0.622599;0.950635;-0.0647881;0.585933;0.992959;-0.056467;0.57748;0.976977;-0.0263912;0.581366;0.962557;-0.00994083;0.636168;0.963286;-0.0498961;0.602386;0.997325;-0.0407459;0.594033;0.983293;-0.0162891;0.597644;0.97006;-0.00463266;0.646056;0.970644;-0.0349426;0.622591;0.997862;-0.0321177;0.615351;0.98828;-0.0226758;0.617766;0.976483;-0.0179472
0.476277;0.366307;0.313858;0.868205;9.47512e-06;0.355573;0.860471;-0.0178021;0.384274;0.870022;-0.0404839;0.399398;0.893103;-0.0573357;0.398729;0.91678;-0.0724569;0.369156;0.877073;-0.0839183;0.383695;0.92537;-0.102756;0.378345;0.931186;-0.1006;0.369991;0.926619;-0.097082;0.348433;0.894595;-0.0808544;0.364537;0.949619;-0.0991814;0.361216;0.943574;-0.0817055;0.355825;0.930841;-0.0698468;0.330482;0.908432;-0.0760882;0.347938;0.955386;-0.0856773;0.346701;0.947128;-0.0632083;0.342784;0.937203;-0.0501297;0.315864;0.919898;-0.0730243;0.331284;0.952483;-0.0811948;0.334573;0.94864;-0.073081;0.335047;0.944572;-0.0684851;0.652852;0.897693;1.7308e-05;0.614361;0.886528;-0.0110405;0.588955;0.905572;-0.0185715;0.574773;0.939012;-0.0160563;0.566196;0.9695;-0.00600649;0.602213;0.945815;-0.0523219;0.573988;0.980859;-0.0261609;0.570769;0.966857;0.00342001;0.577796;0.953661;0.0187031;0.618338;0.96552;-0.040828;0.586539;0.994087;-0.0219056;0.580514;0.979935;-0.000172737;0.58637;0.966639;0.00861308;0.630966;0.975197;-0.0244647;0.600792;0.997531;-0.0052278;0.59429;0.98497;0.0135265;0.598726;0.973504;0.0200631;0.639939;0.979507;-0.00855458;0.615877;0.997469;0.001402;0.609751;0.987734;0.0103021;0.612979;0.976948;0.0139725
0.475529;0.365796;0.321631;0.879197;8.65264e-06;0.361342;0.875489;-0.0161034;0.388143;0.89644;-0.0270126;0.398315;0.932913;-0.033221;0.390907;0.960481;-0.037168;0.374741;0.894808;-0.0569033;0.385816;0.936057;-0.0640299;0.380861;0.93966;-0.0531481;0.373181;0.935976;-0.042047;0.352459;0.910371;-0.0465697;0.368904;0.961483;-0.0509279;0.368895;0.963471;-0.034427;0.365948;0.95722;-0.0231204;0.334978;0.925412;-0.0357975;0.352618;0.969406;-0.0380177;0.357821;0.976488;-0.0264507;0.357821;0.976488;-0.0196941;0.322346;0.939564;-0.0256695;0.338241;0.966737;-0.0238605;0.344755;0.97317;-0.0191733;0.346529;0.976048;-0.0170216;0.655541;0.908113;1.65819e-05;0.618352;0.890549;-0.0115711;0.59243;0.910795;-0.0205145;0.579295;0.94476;-0.0200343;0.571258;0.971841;-0.0155926;0.601573;0.946208;-0.0463911;0.572738;0.971442;-0.0222619;0.574307;0.956104;0.00206579;0.582472;0.945504;0.0143922;0.615972;0.963657;-0.0348934;0.585176;0.986581;-0.0168198;0.582884;0.972929;0.00544542;0.589886;0.96156;0.0149524;0.627242;0.973178;-0.0197676;0.598619;0.993841;-0.000870334;0.595569;0.981005;0.0162996;0.601519;0.969535;0.0213415;0.636371;0.97839;-0.00515864;0.612421;0.992953;0.00559548;0.608787;0.983626;0.0130917;0.613359;0.975673;0.0136852
0.476177;0.364843;0.336749;0.899354;1.18002e-05;0.367967;0.902004;-0.0325337;0.385308;0.92458;-0.0531253;0.391138;0.956413;-0.0690972;0.385795;0.980657;-0.086347;0.37577;0.891615;-0.0640353;0.380904;0.909034;-0.09077;0.376402;0.921392;-0.104874;0.366737;0.92842;-0.113524;0.355966;0.90476;-0.0554842;0.364681;0.936472;-0.082268;0.362838;0.946092;-0.0917529;0.356812;0.948676;-0.0979451;0.338574;0.921148;-0.0480388;0.348495;0.960187;-0.0715053;0.354808;0.977582;-0.0727831;0.355404;0.985938;-0.0719476;0.324812;0.939436;-0.0430752;0.331441;0.965434;-0.0573025;0.340416;0.977502;-0.0576465;0.345782;0.984777;-0.0561231;0.652278;0.907146;1.6337e-05;0.615275;0.900912;-0.0142217;0.590203;0.922691;-0.0275413;0.575616;0.956909;-0.0304068;0.567074;0.984861;-0.0270769;0.605791;0.935385;-0.0721698;0.583816;0.971903;-0.0541804;0.580194;0.965848;-0.0239991;0.581794;0.96053;-0.00899469;0.622633;0.952326;-0.0589563;0.594415;0.988745;-0.0433284;0.587674;0.98076;-0.0107989;0.591475;0.969244;0.00582399;0.634379;0.965489;-0.0423201;0.608632;0.995832;-0.0268381;0.600929;0.988724;-0.00531987;0.603319;0.977804;0.00338959;0.641387;0.974716;-0.0263207;0.619381;0.994343;-0.0172597;0.612156;0.988598;-0.00975751;0.613279;0.981516;-0.00852373
0.476934;0.365517;0.339791;0.895526;8.90395e-06;0.368488;0.898798;-0.0282243;0.382226;0.919735;-0.0582764;0.385426;0.948127;-0.0825051;0.383186;0.970527;-0.107116;0.374485;0.89332;-0.0828877;0.375617;0.909278;-0.109412;0.370253;0.921663;-0.120208;0.362496;0.930781;-0.129645;0.357152;0.90563;-0.0777869;0.365896;0.942001;-0.101676;0.366227;0.951607;-0.106266;0.365836;0.952043;-0.114257;0.342382;0.921631;-0.0713259;0.353314;0.961437;-0.0924942;0.357051;0.966988;-0.0829727;0.35932;0.964625;-0.0788496;0.331362;0.938156;-0.0661401;0.34083;0.966464;-0.0857356;0.346874;0.970223;-0.0827602;0.35134;0.96827;-0.0808474;0.649078;0.913021;1.46094e-05;0.613679;0.899408;-0.011306;0.589423;0.918123;-0.021003;0.574162;0.949949;-0.0208802;0.564443;0.97523;-0.0186816;0.606965;0.944218;-0.0582189;0.582574;0.968353;-0.0411462;0.574769;0.966606;-0.0168147;0.574495;0.963615;-0.00210644;0.621514;0.962296;-0.0441186;0.592862;0.985148;-0.0252773;0.583074;0.977784;0.00331626;0.583827;0.968405;0.0187922;0.630571;0.973551;-0.026309;0.603443;0.990918;-0.0065834;0.593463;0.983674;0.0135476;0.593841;0.974831;0.0214697;0.635783;0.980314;-0.00911973;0.611239;0.990218;0.00548719;0.602258;0.983928;0.0155496;0.602641;0.977384;0.0198853
0.477965;0.367263;0.349492;0.907313;9.62184e-06;0.367954;0.907809;-0.0272643;0.381649;0.918096;-0.0484113;0.389196;0.934191;-0.0642671;0.387409;0.951956;-0.079244;0.363149;0.896241;-0.0674312;0.37124;0.903838;-0.0862754;0.373729;0.913863;-0.0858535;0.372174;0.920174;-0.0861348;0.349068;0.904949;-0.0608217;0.360726;0.920343;-0.0842363;0.369858;0.942527;-0.0863457;0.37605;0.958782;-0.087752;0.338233;0.917172;-0.0537551;0.354131;0.936608;-0.0736892;0.36297;0.956053;-0.074322;0.366066;0.968266;-0.0737595;0.331897;0.932151;-0.0479191;0.346522;0.948454;-0.064478;0.355356;0.960633;-0.0704196;0.35977;0.969114;-0.0740408;0.647971;0.909876;1.5191e-05;0.614416;0.891788;-0.0210169;0.591553;0.905308;-0.0415777;0.577303;0.935725;-0.0511319;0.568948;0.962955;-0.0579975;0.603039;0.925774;-0.0802267;0.579704;0.949663;-0.0801787;0.573381;0.952254;-0.0717767;0.573061;0.951315;-0.0681759;0.616863;0.9489;-0.0677918;0.590155;0.970856;-0.0594379;0.586069;0.962613;-0.0362004;0.590407;0.954182;-0.0271983;0.626655;0.96516;-0.0524282;0.601274;0.982089;-0.0434261;0.598017;0.972566;-0.0247738;0.603405;0.963952;-0.0190965;0.634159;0.975913;-0.0391771;0.613203;0.984835;-0.0304631;0.608938;0.978838;-0.0220491;0.613253;0.974998;-0.0207889
0.477652;0.367062;0.349614;0.952058;8.96975e-06;0.363907;0.951643;-0.0198114;0.376773;0.94169;-0.038264;0.381614;0.936969;-0.0529894;0.383117;0.935262;-0.0683024;0.368206;0.900881;-0.0480687;0.376109;0.89754;-0.0695877;0.376256;0.906982;-0.0760874;0.374481;0.912587;-0.0815222;0.357757;0.902417;-0.0463428;0.362513;0.906243;-0.073774;0.3637;0.92409;-0.0815222;0.364525;0.93451;-0.0868836;0.347561;0.91025;-0.0453881;0.350551;0.921552;-0.0677149;0.351824;0.938236;-0.0687431;0.352564;0.946957;-0.0687431;0.339085;0.92079;-0.0454982;0.340887;0.925443;-0.0617292;0.342055;0.937765;-0.0669804;0.342546;0.945293;-0.0709464;0.632344;0.902477;1.4009e-05;0.606338;0.889887;0.0098277;0.58866;0.900044;0.0144811;0.577941;0.923131;0.0202102;0.573966;0.940434;0.0233691;0.586371;0.928972;0.0113732;0.580864;0.945107;0.03057;0.584577;0.942332;0.044202;0.58896;0.934037;0.0533956;0.598588;0.948993;0.0138358;0.592658;0.961392;0.0442473;0.596876;0.953801;0.0611853;0.60112;0.94272;0.0681145;0.611653;0.961559;0.0174815;0.605338;0.971457;0.0451983;0.609201;0.959794;0.0507689;0.612686;0.94652;0.0490026;0.625285;0.968597;0.021784;0.619236;0.972356;0.0413714;0.621702;0.960906;0.0470552;0.62511;0.950091;0.0486856
0.477911;0.367355;0.620519;0.900973;1.10903e-05;0.600748;0.891205;-0.00826468;0.590432;0.893227;-0.022931;0.587826;0.901715;-0.0349019;0.589437;0.907457;-0.0447522;0.581918;0.920215;-0.0405108;0.57774;0.93199;-0.0501827;0.583933;0.9253;-0.0485971;0.589029;0.915409;-0.0455846;0.593211;0.933861;-0.0393216;0.590111;0.942528;-0.0447125;0.595162;0.932577;-0.0447918;0.598711;0.922476;-0.0507376;0.605583;0.942186;-0.0365469;0.602933;0.949717;-0.0353379;0.607535;0.940723;-0.0303633;0.610994;0.930741;-0.0332966;0.618294;0.947431;-0.0340695;0.614254;0.953287;-0.0312552;0.617308;0.945756;-0.030938;0.620161;0.937119;-0.034783
0.476984;0.368574;0.656279;0.845688;1.82945e-05;0.619882;0.826281;-0.00878244;0.591839;0.843438;-0.0125958;0.573003;0.872629;-0.0053543;0.561552;0.894789;0.0064494;0.591604;0.896086;-0.0342294;0.556389;0.913747;-0.0146302;0.562825;0.892915;-0.00079319;0.576081;0.883168;0.00544087;0.60176;0.913388;-0.0229062;0.566951;0.92538;-0.00347359;0.569126;0.901074;0.00502967;0.578954;0.889238;0.0031338;0.611542;0.92181;-0.00808989;0.58008;0.925098;0.00785615;0.581696;0.902522;0.00947066;0.591117;0.891749;0.00296283;0.619978;0.925031;0.00715061;0.592029;0.92717;0.0218154;0.591881;0.908414;0.0246376;0.600582;0.89789;0.0216942;0.307897;0.812128;1.10326e-05;0.347309;0.801163;0.00430535;0.376184;0.819602;0.00254174;0.388456;0.85366;0.00553126;0.387663;0.880972;0.00968246;0.359969;0.852628;-0.045865;0.388881;0.892408;-0.0185427;0.392688;0.878201;0.0139768;0.387029;0.864219;0.0310954;0.345966;0.871016;-0.044808;0.377919;0.904214;-0.0220369;0.38214;0.886318;0.000971732;0.375532;0.874549;0.004287;0.335178;0.881785;-0.0377021;0.365489;0.907096;-0.0149972;0.369309;0.890579;0.00284638;0.362931;0.880693;0.00185538;0.326951;0.887415;-0.0303907;0.351939;0.905288;-0.00938148;0.355309;0.892268;0.00273627;0.350483;0.883071;0.000353503
0.477976;0.367239;0.649668;0.81228;1.69731e-05;0.618352;0.797299;0.00120931;0.593148;0.810989;0.000651667;0.58112;0.830736;0.00462118;0.576243;0.84393;0.00845817;0.584866;0.85508;-0.0218776;0.562722;0.867488;0.00249864;0.569411;0.853407;0.019509;0.577826;0.846072;0.02343;0.597718;0.87475;-0.0183407;0.57578;0.887462;0.00336886;0.580666;0.869482;0.0129313;0.588837;0.862808;0.00994655;0.61237;0.885651;-0.0106347;0.592774;0.897851;0.0100586;0.5949;0.879966;0.01558;0.600559;0.870793;0.011667;0.627032;0.890846;-0.00227258;0.611911;0.904475;0.00711382;0.61021;0.891638;0.00753393;0.613045;0.882362;0.00409105;0.319859;0.805314;1.15369e-05;0.348004;0.792435;-0.013014;0.369875;0.798538;-0.0292458;0.382131;0.818848;-0.0397556;0.388161;0.835257;-0.0458798;0.355679;0.822939;-0.0606714;0.38577;0.848783;-0.0554814;0.384966;0.835016;-0.0365118;0.377518;0.824592;-0.0260799;0.34267;0.839164;-0.0579726;0.376056;0.864081;-0.0601524;0.374598;0.847216;-0.0446342;0.366041;0.836564;-0.0410271;0.333065;0.853058;-0.0527047;0.362098;0.869783;-0.049928;0.360182;0.853399;-0.0373682;0.352201;0.845566;-0.0369789;0.325672;0.86427;-0.0492014;0.348012;0.877437;-0.0454127;0.347217;0.865081;-0.0437;0.33959;0.85637;-0.050966
0.478668;0.366556;0.654419;0.743564;1.48665e-05;0.622813;0.724611;0.0214431;0.594489;0.733874;0.0339144;0.57811;0.755797;0.0470857;0.57248;0.774097;0.0609251;0.570638;0.766316;0.0126066;0.558832;0.79064;0.0448905;0.570726;0.787268;0.0598752;0.580973;0.780144;0.0650928;0.580374;0.786914;0.0105306;0.572989;0.805173;0.0522715;0.583453;0.796734;0.0639156;0.590801;0.789319;0.0586344;0.594479;0.802027;0.0129327;0.590447;0.81345;0.0516034;0.598443;0.802938;0.0570437;0.60317;0.795491;0.0465766;0.609947;0.813523;0.0166709;0.604016;0.817593;0.0448905;0.610579;0.806266;0.0534486;0.616248;0.799141;0.051317
0.477953;0.365888;0.659799;0.720131;1.7068e-05;0.631942;0.696953;0.0159342;0.604114;0.699835;0.0246957;0.584454;0.717571;0.0356816;0.575415;0.734116;0.0480597;0.589299;0.7189;0.00787628;0.563225;0.72905;0.0299314;0.570322;0.727691;0.0443372;0.580908;0.72722;0.0525085;0.594568;0.740768;0.00638577;0.570036;0.748469;0.0304761;0.577382;0.746616;0.0424003;0.587668;0.744372;0.0441556;0.603118;0.758878;0.00814866;0.582918;0.762593;0.029311;0.58858;0.759311;0.0371948;0.597701;0.756012;0.035379;0.613761;0.773608;0.0115761;0.596407;0.775842;0.0287208;0.599241;0.770333;0.0382541;0.607168;0.765075;0.041795;0.814947;0.731077;1.00089e-05;0.791144;0.694866;-0.0498961;0.782552;0.671188;-0.0836804;0.773149;0.657781;-0.107975;0.764643;0.642482;-0.13016;0.833332;0.68565;-0.106119;0.838774;0.678386;-0.141632;0.836415;0.670162;-0.155382;0.834296;0.664818;-0.163565;0.848059;0.711593;-0.0962493;0.85533;0.70539;-0.137077;0.852701;0.701035;-0.157491;0.85353;0.696116;-0.174784;0.85457;0.734641;-0.0881512;0.862596;0.737525;-0.123496;0.858243;0.733325;-0.138427;0.853939;0.7276;-0.146947;0.855675;0.753556;-0.0832586;0.858063;0.759425;-0.109915;0.853751;0.756884;-0.126111;0.848453;0.752374;-0.137668
0.477278;0.366387;0.670105;0.714822;1.81624e-05;0.640746;0.682349;0.00458382;0.608191;0.682686;0.00876535;0.584131;0.701694;0.01849;0.570612;0.719375;0.030698;0.59261;0.724704;0.00229191;0.566472;0.718338;0.0324929;0.580428;0.708516;0.0442213;0.594641;0.709046;0.0487084;0.598324;0.748762;0.00913669;0.575608;0.737489;0.0446545;0.58651;0.727924;0.0538763;0.599094;0.728139;0.050658;0.607914;0.763169;0.0194338;0.586301;0.75122;0.0502247;0.594712;0.741942;0.0561663;0.606392;0.740741;0.0505032;0.619124;0.771051;0.0304505;0.599168;0.761644;0.0535669;0.605805;0.752976;0.0649239;0.61662;0.751769;0.0685755;0.809398;0.73031;1.10701e-05;0.793711;0.693026;-0.0250936;0.785343;0.670439;-0.0562635;0.78435;0.65741;-0.079967;0.7773;0.64958;-0.0988265;0.807474;0.692985;-0.0906292;0.799553;0.699227;-0.120036;0.788419;0.710077;-0.130469;0.778069;0.714702;-0.143769;0.822729;0.719051;-0.0861006;0.815672;0.719288;-0.109202;0.804041;0.727944;-0.112756;0.796188;0.730468;-0.124737;0.835995;0.739403;-0.0806549;0.82875;0.737177;-0.0874764;0.81819;0.745409;-0.0684448;0.812874;0.748731;-0.0616233;0.848298;0.756708;-0.0788205;0.8406;0.754777;-0.088107;0.83132;0.761767;-0.0842089;0.826578;0.765261;-0.0842663
0.476322;0.368447;0.680454;0.705894;1.89713e-05;0.648247;0.669445;0.0012069;0.615819;0.668347;0.00520533;0.589464;0.687251;0.0173013;0.571275;0.707897;0.0339717;0.594819;0.718925;-0.000664676;0.567613;0.709826;0.0312486;0.580377;0.695031;0.0429046;0.595498;0.692781;0.046325;0.600743;0.74325;0.00899103;0.575904;0.727944;0.0473876;0.585492;0.713667;0.0604051;0.598983;0.711395;0.0601063;0.610879;0.755318;0.0223323;0.586965;0.742588;0.0575825;0.593715;0.730172;0.0700686;0.605878;0.7264;0.0687403;0.622425;0.760933;0.0356321;0.600007;0.750823;0.0590104;0.604253;0.740044;0.0723268;0.614266;0.737304;0.0773744;0.816736;0.718821;8.5295e-06;0.798732;0.693967;-0.00446554;0.789392;0.677342;-0.012982;0.786435;0.66553;-0.0179218;0.779633;0.652101;-0.0206304;0.814986;0.687467;-0.0387789;0.804606;0.69906;-0.0472984;0.796245;0.706249;-0.0507348;0.788774;0.712303;-0.0574167;0.829244;0.707722;-0.0374187;0.815499;0.718649;-0.0389698;0.807058;0.724839;-0.0382778;0.801834;0.728609;-0.0472745;0.838491;0.724692;-0.0336959;0.825144;0.731549;-0.0274913;0.818783;0.737204;-0.0136025;0.816822;0.738636;-0.0106791;0.845369;0.738173;-0.0321686;0.834424;0.744304;-0.0282788;0.828507;0.749392;-0.0207497;0.825963;0.751654;-0.0180889
0.475733;0.368524;0.688699;0.703329;1.87676e-05;0.652631;0.666951;-0.000106567;0.617772;0.664294;0.00605648;0.591209;0.681069;0.0216406;0.573856;0.700158;0.0412925;0.596984;0.712312;-0.00507569;0.567008;0.70996;0.0336812;0.580317;0.695231;0.053297;0.595841;0.693008;0.0611433;0.603762;0.735732;0.00785082;0.575657;0.728102;0.0489942;0.584301;0.713459;0.0654099;0.598225;0.708687;0.0671094;0.613858;0.749104;0.0248767;0.588481;0.741177;0.0617218;0.593785;0.728802;0.0772336;0.60645;0.723361;0.0780291;0.624764;0.757091;0.042558;0.599487;0.751311;0.0664947;0.602667;0.739456;0.0835251;0.613777;0.733882;0.0924923;0.782723;0.703177;1.2017e-05;0.804362;0.724049;0.00910129;0.821171;0.729148;0.0112547;0.836465;0.730797;0.013801;0.847879;0.734698;0.014776;0.819774;0.706284;0.00627104;0.831253;0.69815;0.0228692;0.83172;0.704258;0.034247;0.827835;0.709816;0.0420657;0.814226;0.689827;0.00720815;0.825691;0.683358;0.0269773;0.82676;0.688983;0.0387527;0.824196;0.692472;0.0449811;0.807822;0.677062;0.0103744;0.818113;0.670702;0.0268259;0.819643;0.675219;0.0315019;0.817256;0.678159;0.031767;0.801488;0.667729;0.0144636;0.810556;0.66282;0.0251599;0.812628;0.666299;0.030385;0.810582;0.668774;0.0326378
0.476638;0.364852;0.696925;0.712403;1.86496e-05;0.658355;0.673853;-0.00325842;0.620232;0.667256;0.00383845;0.591733;0.683928;0.0218365;0.574342;0.703194;0.0454277;0.596862;0.718952;-0.000867002;0.568847;0.712206;0.0390328;0.583332;0.695522;0.0568529;0.598854;0.692417;0.0614542;0.602772;0.744315;0.0142912;0.577715;0.729114;0.0558781;0.587503;0.713152;0.0694869;0.602067;0.708493;0.0697209;0.61295;0.758088;0.0332617;0.590297;0.742635;0.0703448;0.597219;0.728811;0.0819649;0.611225;0.722973;0.081107;0.624806;0.765066;0.0525246;0.601485;0.753381;0.075063;0.605099;0.74013;0.0892957;0.616851;0.734318;0.0968605;0.785349;0.699078;9.37561e-06;0.809735;0.705799;0.000848665;0.826511;0.708183;-0.00596272;0.840673;0.711605;-0.012201;0.851316;0.717421;-0.0190463;0.814591;0.692792;-0.0172553;0.823157;0.695101;-0.0186502;0.828312;0.704018;-0.0184608;0.831818;0.710061;-0.0189429;0.806009;0.685774;-0.0182197;0.815915;0.688548;-0.0176686;0.821283;0.695846;-0.0145;0.82558;0.699123;-0.0124076;0.797881;0.681566;-0.0170314;0.809302;0.682243;-0.0139058;0.812468;0.68869;-0.00988477;0.814144;0.692203;-0.00771064;0.790494;0.6799;-0.0160154;0.799161;0.678029;-0.0119427;0.802734;0.679868;-0.00994504;0.804096;0.681589;-0.00806797
0.478213;0.364266;0.702511;0.71469;1.94683e-05;0.659414;0.67966;0.00141975;0.621044;0.675435;0.00959326;0.592989;0.691193;0.025753;0.57569;0.707914;0.0462528;0.5975;0.719998;0.0074694;0.570664;0.721169;0.0452268;0.58448;0.705354;0.0592627;0.600401;0.700391;0.0620945;0.603512;0.744289;0.0189813;0.578556;0.73849;0.0603708;0.588672;0.723109;0.0741605;0.603251;0.718565;0.0753917;0.613836;0.759323;0.0335507;0.590964;0.752336;0.0698923;0.598404;0.739767;0.0804808;0.612513;0.73447;0.0794958;0.626583;0.768567;0.0488384;0.602393;0.764059;0.0695639;0.606475;0.751188;0.0838871;0.618721;0.744493;0.092834;0.794161;0.700143;1.1253e-05;0.806879;0.707096;0.00786674;0.818227;0.708023;0.00887723;0.829793;0.709317;0.0077648;0.839353;0.714321;0.00644851;0.812633;0.689437;0.0102999;0.813654;0.68969;0.0139252;0.812346;0.696633;0.0141114;0.809906;0.701354;0.0108672;0.808636;0.683385;0.00706012;0.810512;0.684865;0.0148294;0.808732;0.6928;0.017586;0.807888;0.696719;0.0174797;0.804957;0.681005;0.00419707;0.810703;0.680677;0.0139961;0.809806;0.687911;0.0165312;0.809038;0.693695;0.0167351;0.80205;0.680524;0.000785012;0.808287;0.6767;0.00971487;0.810517;0.679128;0.0126843;0.811716;0.683096;0.014333
0.478214;0.363827;0.705776;0.725189;2.04227e-05;0.661569;0.687233;6.60954e-05;0.623328;0.682051;0.00647455;0.593181;0.698554;0.0215994;0.574759;0.715841;0.0417202;0.600295;0.722353;0.00184968;0.570474;0.727716;0.040495;0.584475;0.713502;0.0572042;0.601138;0.709227;0.0613445;0.60511;0.747346;0.014639;0.576662;0.745604;0.0555987;0.586182;0.731442;0.0725403;0.60193;0.727054;0.0772298;0.614234;0.764139;0.0305666;0.588712;0.759925;0.0675127;0.594911;0.748806;0.0830178;0.609162;0.744559;0.085764;0.625003;0.775134;0.0471068;0.599827;0.770916;0.0681042;0.602758;0.758774;0.0839896;0.613975;0.752794;0.0941291;0.796511;0.700722;3.47049e-06;0.805532;0.692885;0.0157794;0.813514;0.686431;0.0280878;0.818073;0.684519;0.0376102;0.821247;0.68512;0.0447577;0.817259;0.680531;0.03181;0.825239;0.681279;0.0495075;0.824783;0.685926;0.0592811;0.822714;0.687863;0.0667255;0.814528;0.686239;0.0287271;0.82245;0.688779;0.0468586;0.821841;0.693215;0.0515627;0.820292;0.694461;0.0545313;0.811151;0.693435;0.0268546;0.816644;0.696167;0.0411725;0.815389;0.700049;0.0374732;0.813735;0.700968;0.0337281;0.80767;0.701154;0.0261467;0.811923;0.703632;0.0382724;0.810632;0.706609;0.0388433;0.808845;0.707926;0.0383181
0.479201;0.363753;0.707665;0.729707;2.00688e-05;0.660676;0.692796;-0.000324996;0.621314;0.687833;0.00741378;0.592004;0.704041;0.024821;0.575823;0.719095;0.0466071;0.599954;0.729564;0.0042678;0.571016;0.734845;0.0417729;0.585077;0.719658;0.0562753;0.601433;0.71355;0.0590934;0.605728;0.753843;0.0169953;0.577693;0.752861;0.0575326;0.588273;0.737909;0.0734007;0.604087;0.73322;0.0773894;0.615044;0.770391;0.0327333;0.590759;0.766594;0.0671142;0.598111;0.754726;0.0792103;0.612427;0.750432;0.0799474;0.625905;0.781388;0.0488616;0.602363;0.777347;0.0690218;0.606779;0.76495;0.0838494;0.61922;0.758977;0.0932141;0.802667;0.7056;2.71489e-06;0.801459;0.690095;0.00603417;0.803889;0.680001;0.0108992;0.8066;0.672426;0.0150049;0.809209;0.667704;0.0180611;0.810103;0.686277;0.00972095;0.815699;0.679914;0.013891;0.817389;0.677825;0.0167815;0.817416;0.676845;0.0193498;0.813621;0.694112;0.00945399;0.820194;0.687639;0.0148024;0.822121;0.685157;0.0178402;0.8229;0.683674;0.0200495;0.815671;0.701806;0.00975777;0.82164;0.695628;0.0133295;0.822576;0.693381;0.0153823;0.82266;0.692493;0.0177021;0.817016;0.709144;0.010531;0.822514;0.705028;0.0130257;0.823461;0.702498;0.0145446;0.823331;0.701049;0.0163213
0.480187;0.362825;0.708378;0.734873;2.00013e-05;0.657249;0.702653;0.00588386;0.617816;0.700146;0.0111054;0.587597;0.714738;0.0227692;0.569102;0.729973;0.0366715;0.600019;0.727345;0.00440332;0.571594;0.743247;0.0416194;0.584877;0.732944;0.0577986;0.599973;0.726977;0.0609075;0.606263;0.75144;0.011089;0.577895;0.759756;0.0473774;0.587723;0.748508;0.0621335;0.602981;0.742694;0.0644105;0.615843;0.769784;0.0212257;0.590754;0.772457;0.0514933;0.598242;0.762954;0.0601193;0.612808;0.757292;0.0583679;0.62717;0.783295;0.0327307;0.603743;0.78333;0.0488223;0.607961;0.772652;0.0602507;0.61965;0.76554;0.0672128;0.806235;0.703509;2.87825e-06;0.803019;0.690873;0.0123717;0.804843;0.683372;0.0237022;0.806748;0.679816;0.0333913;0.808805;0.677966;0.0422862;0.81442;0.68172;0.0343267;0.815534;0.678419;0.0488162;0.813629;0.679981;0.0534402;0.812325;0.681304;0.0564404;0.817457;0.688525;0.033656;0.818627;0.68487;0.0521342;0.817342;0.686463;0.0567934;0.817063;0.687495;0.0595819;0.818758;0.695176;0.0332324;0.819349;0.692152;0.0482514;0.817941;0.693782;0.0476514;0.817031;0.695064;0.046416;0.819729;0.701555;0.0337266;0.820558;0.699633;0.0456394;0.819299;0.700614;0.0494163;0.818178;0.70164;0.0517106
0.479858;0.363849;0.70816;0.737576;2.04063e-05;0.652738;0.71123;0.0115164;0.612459;0.70972;0.016009;0.582615;0.724904;0.0245887;0.564334;0.742501;0.0373871;0.596738;0.732579;0.000700255;0.57202;0.758383;0.0326096;0.586954;0.751353;0.0435453;0.60064;0.742911;0.039732;0.605977;0.756039;0.00185867;0.580046;0.773273;0.034056;0.591494;0.765918;0.0479502;0.605128;0.759365;0.0478625;0.618017;0.774187;0.00649782;0.593149;0.78477;0.0337492;0.602934;0.778604;0.0424495;0.617194;0.771111;0.0412003;0.630983;0.788246;0.0119656;0.60962;0.794353;0.0230547;0.616198;0.78782;0.0315577;0.627725;0.780547;0.0364448
0.482197;0.363651;0.663664;0.748924;1.71087e-05;0.629506;0.719503;0.00832445;0.596854;0.726638;0.0132305;0.571296;0.751382;0.0249101;0.555742;0.771565;0.0413058;0.589338;0.786749;-0.00218794;0.564007;0.786801;0.0331396;0.574602;0.769862;0.0534284;0.588093;0.763112;0.0595056;0.601557;0.810803;0.00354106;0.579924;0.801768;0.0436796;0.586213;0.786841;0.0545996;0.597505;0.781052;0.0496302;0.615286;0.822049;0.0148764;0.597021;0.812672;0.0506114;0.60099;0.798408;0.055739;0.609475;0.791642;0.0465916;0.628828;0.824844;0.0269516;0.612794;0.819004;0.0461801;0.617407;0.806196;0.0500733;0.625542;0.798991;0.0467499
0.486526;0.363974;0.660582;0.761005;1.94373e-05;0.62455;0.74295;-0.00130169;0.590226;0.752465;-0.00723087;0.566711;0.77763;-0.00622769;0.555723;0.798607;0.00130058;0.584745;0.804653;-0.0197795;0.556308;0.823533;0.000969886;0.567162;0.80733;0.0141865;0.580841;0.798229;0.019016;0.598676;0.826466;-0.0147014;0.577338;0.837534;0.012704;0.585307;0.820632;0.0238454;0.595185;0.810905;0.0200458;0.614469;0.839153;-0.00703556;0.598546;0.842796;0.0175689;0.60429;0.82813;0.0197262;0.612589;0.818559;0.00888655;0.629544;0.844836;0.000936595;0.614033;0.849645;0.0186609;0.619971;0.83695;0.0203299;0.628192;0.827512;0.013423;0.304785;0.729523;1.24457e-05;0.341177;0.709957;-0.0250197;0.368605;0.719748;-0.043926;0.384768;0.74498;-0.0531446;0.389731;0.772917;-0.0546326;0.351691;0.762967;-0.0692206;0.387967;0.794933;-0.0662125;0.385594;0.772964;-0.0455756;0.373927;0.758919;-0.0321035;0.33977;0.783663;-0.0609077;0.379451;0.815468;-0.0653068;0.375509;0.790532;-0.048972;0.361891;0.777269;-0.0419205;0.331217;0.798877;-0.0513333;0.366142;0.822514;-0.0495866;0.363026;0.798721;-0.0359689;0.350914;0.78774;-0.0351279;0.325671;0.808308;-0.0446053;0.353486;0.821915;-0.0388153;0.351867;0.80377;-0.0347397;0.341545;0.793076;-0.0391388
0.487777;0.365881;0.672364;0.780709;1.90559e-05;0.630524;0.759731;-0.0053795;0.593205;0.77038;-0.00587234;0.568198;0.795195;0.00454417;0.556659;0.815163;0.0175586;0.591349;0.823779;-0.026413;0.563052;0.829833;0.00496601;0.573752;0.811449;0.0242579;0.587254;0.805846;0.0325777;0.605217;0.847056;-0.012037;0.578081;0.850565;0.0193294;0.58535;0.833368;0.0365205;0.597702;0.823908;0.0396613;0.619665;0.858844;0.00710027;0.594803;0.860915;0.0391601;0.600727;0.845012;0.0505539;0.612846;0.8348;0.0474465;0.633805;0.862397;0.0265968;0.612412;0.861712;0.0496518;0.617576;0.84893;0.0619144;0.628319;0.841124;0.0662246;0.30302;0.748124;1.33402e-05;0.340506;0.73059;-0.0087102;0.371049;0.745566;-0.0190164;0.387259;0.775118;-0.0246023;0.393463;0.801023;-0.0256707;0.351516;0.775526;-0.0571302;0.388244;0.803741;-0.0468241;0.38408;0.780667;-0.0299176;0.371458;0.768268;-0.0248322;0.339221;0.795425;-0.0518013;0.377666;0.822814;-0.0469593;0.373983;0.800794;-0.0328661;0.360249;0.787013;-0.0294578;0.330054;0.812017;-0.0439838;0.365155;0.832934;-0.0370048;0.362951;0.812319;-0.0292684;0.351539;0.801185;-0.0302422;0.323654;0.8234;-0.0353277;0.351554;0.836117;-0.0281594;0.350294;0.818956;-0.0235338;0.340233;0.811017;-0.0266581
0.488216;0.366815;0.677934;0.786733;1.3922e-05;0.633896;0.788211;0.0132491;0.597626;0.806071;0.015666;0.574608;0.827512;0.0195978;0.560085;0.838704;0.024957;0.598759;0.820582;-0.0133542;0.576644;0.856749;0.00835404;0.574741;0.853694;0.0282671;0.577789;0.843931;0.0387053;0.613656;0.832411;-0.0154909;0.591042;0.864285;0.00255262;0.590482;0.860139;0.0214543;0.59331;0.849577;0.0339766;0.629569;0.840985;-0.0132579;0.606799;0.865215;0.00510087;0.607747;0.860284;0.0195628;0.612228;0.85063;0.0275491;0.645394;0.847718;-0.00943113;0.6249;0.864476;0.00389023;0.623814;0.859729;0.0136169;0.628007;0.85044;0.0217695;0.302532;0.767298;1.16942e-05;0.339221;0.757524;-0.00312855;0.367367;0.770879;-0.00616494;0.385795;0.797558;-0.00531154;0.400193;0.818854;0.00222225;0.358414;0.799175;-0.037686;0.385677;0.82567;-0.0219289;0.382364;0.8115;-0.00544468;0.371757;0.801533;-0.00292545;0.346344;0.81659;-0.0334259;0.374333;0.839595;-0.0206181;0.371927;0.827285;-0.0129648;0.361235;0.81625;-0.0164535;0.336345;0.831245;-0.0256156;0.36235;0.848393;-0.0120295;0.360657;0.836178;-0.00735287;0.352391;0.827232;-0.0100496;0.32917;0.840801;-0.0173683;0.351529;0.853848;-0.00910746;0.350695;0.842712;-0.00478927;0.343605;0.835244;-0.00588844
0.48892;0.36804;0.681336;0.807336;1.36689e-05;0.638396;0.816519;0.0144439;0.603067;0.833775;0.0100238;0.578668;0.856139;0.00245836;0.558744;0.873611;-0.00530575;0.608748;0.820858;-0.0273979;0.588964;0.856904;-0.0362215;0.574435;0.878575;-0.037612;0.563498;0.893261;-0.0380425;0.620602;0.827552;-0.0381087;0.599661;0.865367;-0.0487367;0.58559;0.887515;-0.0491009;0.57486;0.901896;-0.0495976;0.635595;0.83492;-0.0456576;0.617135;0.867644;-0.0524781;0.604264;0.887675;-0.0499287;0.593647;0.900062;-0.0480414;0.652399;0.841417;-0.0509882;0.641336;0.864969;-0.0585371;0.631751;0.879824;-0.0593317;0.623508;0.890947;-0.0586033;0.307004;0.788085;1.07803e-05;0.340823;0.797234;-0.0061198;0.3682;0.810375;-0.0171555;0.386005;0.829896;-0.0259066;0.400206;0.844508;-0.0336172;0.357794;0.801618;-0.0498122;0.37456;0.825602;-0.0608312;0.378344;0.839182;-0.059924;0.379646;0.848273;-0.0583232;0.345545;0.811622;-0.0515197;0.363824;0.836379;-0.0659004;0.367266;0.849438;-0.0734777;0.367804;0.858871;-0.0836162;0.333694;0.820442;-0.049412;0.351138;0.842073;-0.0605644;0.352508;0.851681;-0.0663273;0.349773;0.857819;-0.0731575;0.322406;0.827814;-0.0466372;0.333847;0.840358;-0.0579497;0.335941;0.848254;-0.067021;0.335043;0.854639;-0.0767327
0.489311;0.36998;0.687905;0.834605;1.40637e-05;0.644898;0.839233;0.00636583;0.614874;0.850963;-0.0030287;0.597168;0.865748;-0.0135459;0.584472;0.882016;-0.0239993;0.609355;0.846249;-0.0529992;0.586246;0.878226;-0.0784955;0.570422;0.901714;-0.0944841;0.557764;0.921446;-0.104354;0.619842;0.84797;-0.0665205;0.597244;0.883468;-0.10159;0.581812;0.909575;-0.117908;0.568688;0.931275;-0.127646;0.634838;0.850259;-0.0766532;0.616428;0.882376;-0.105735;0.60353;0.90668;-0.113762;0.592492;0.925934;-0.117513;0.652352;0.853213;-0.0848777;0.641201;0.876705;-0.107643;0.630684;0.895564;-0.116723;0.621244;0.912101;-0.122053
