face_x;face_y;landmark_x_1;landmark_y_1;landmark_x_2;landmark_y_2;landmark_x_3;landmark_y_3;landmark_x_4;landmark_y_4;landmark_x_5;landmark_y_5;landmark_x_6;landmark_y_6;landmark_x_7;landmark_y_7;landmark_x_8;landmark_y_8;landmark_x_9;landmark_y_9;landmark_x_10;landmark_y_10;landmark_x_11;landmark_y_11;landmark_x_12;landmark_y_12;landmark_x_13;landmark_y_13;landmark_x_14;landmark_y_14;landmark_x_15;landmark_y_15;landmark_x_16;landmark_y_16;landmark_x_17;landmark_y_17;landmark_x_18;landmark_y_18;landmark_x_19;landmark_y_19;landmark_x_20;landmark_y_20;landmark_x_21;landmark_y_21;landmark_x_22;landmark_y_22;landmark_x_23;landmark_y_23;landmark_x_24;landmark_y_24;landmark_x_25;landmark_y_25;landmark_x_26;landmark_y_26;landmark_x_27;landmark_y_27;landmark_x_28;landmark_y_28;landmark_x_29;landmark_y_29;landmark_x_30;landmark_y_30;landmark_x_31;landmark_y_31;landmark_x_32;landmark_y_32;landmark_x_33;landmark_y_33;landmark_x_34;landmark_y_34;landmark_x_35;landmark_y_35;landmark_x_36;landmark_y_36;landmark_x_37;landmark_y_37;landmark_x_38;landmark_y_38;landmark_x_39;landmark_y_39;landmark_x_40;landmark_y_40;landmark_x_41;landmark_y_41;landmark_x_42;landmark_y_42
0.454638;0.193326;0.397338;0.948642;0.425386;0.951769;0.443664;0.978059;0.4511;1.00852;0.454785;1.03277;0.434409;0.998025;0.445158;1.04293;0.449911;1.07186;0.451684;1.0938;0.41795;1.00951;0.426661;1.0531;0.431475;1.07934;0.433225;1.09792;0.404136;1.01604;0.413851;1.05363;0.420439;1.06493;0.423338;1.06747;0.392882;1.02;0.401961;1.04866;0.408232;1.05799;0.411959;1.06095
0.453804;0.19327;0.395475;0.930173;0.424516;0.930821;0.441888;0.955317;0.449592;0.987985;0.458421;1.01657;0.433478;0.986354;0.440465;1.03289;0.445284;1.06521;0.449068;1.09018;0.415442;0.997188;0.418847;1.04411;0.420811;1.07826;0.423344;1.10575;0.399348;1.00266;0.403053;1.0448;0.406377;1.07288;0.4101;1.09407;0.384903;1.00414;0.388522;1.03822;0.392378;1.05771;0.396285;1.07256;0.596875;0.970276;0.565009;0.977822;0.547528;1.00147;0.542794;1.02436;0.541458;1.04035;0.56009;1.00961;0.555282;1.05609;0.552328;1.08644;0.551558;1.10868;0.578659;1.01197;0.570982;1.06145;0.566069;1.0838;0.563072;1.09808;0.594548;1.0141;0.586429;1.0557;0.579074;1.07266;0.575512;1.08092;0.606293;1.0161;0.597111;1.0472;0.590596;1.06095;0.587695;1.06897
0.455798;0.192194;0.397878;0.951951;0.418269;0.936208;0.434537;0.942473;0.444851;0.956743;0.450695;0.972597;0.424071;0.982883;0.433984;1.00552;0.435682;1.01756;0.434031;1.02452;0.411496;0.993536;0.422044;1.0225;0.424471;1.04133;0.425227;1.05663;0.401184;0.998736;0.407359;1.02745;0.410141;1.04742;0.410302;1.0605;0.39211;0.999941;0.395188;1.02331;0.397445;1.03822;0.399061;1.0477;0.589732;0.976599;0.567103;0.97157;0.556735;0.981782;0.549814;0.993245;0.544264;1.00259;0.564843;1.01214;0.560385;1.04039;0.558225;1.06132;0.558289;1.07943;0.576831;1.01678;0.573468;1.0493;0.569668;1.07213;0.566094;1.09473;0.587336;1.01837;0.58435;1.04726;0.581774;1.06857;0.579063;1.08872;0.595756;1.01751;0.592742;1.03879;0.589767;1.05627;0.587596;1.07244
0.456423;0.19087;0.612418;0.895244;0.581865;0.886662;0.561221;0.906544;0.550521;0.934424;0.542763;0.96187;0.571865;0.946246;0.555534;0.983163;0.547553;1.00768;0.542528;1.02604;0.587236;0.962235;0.569117;1.00509;0.558843;1.03089;0.551729;1.05419;0.600451;0.970377;0.583972;1.00728;0.574557;1.02989;0.570044;1.04655;0.611022;0.972284;0.599698;1.00191;0.591343;1.01932;0.587491;1.03146;0.368682;0.819398;0.407843;0.807983;0.434314;0.83121;0.451847;0.862105;0.461124;0.890085;0.418726;0.894188;0.457897;0.911298;0.4576;0.88288;0.445463;0.865105;0.406074;0.913125;0.446308;0.92383;0.446331;0.895362;0.434367;0.879463;0.396038;0.919495;0.432759;0.930537;0.434069;0.907091;0.42347;0.893802;0.388491;0.919023;0.416166;0.92796;0.419835;0.909092;0.413178;0.896331
0.454713;0.190927;0.60637;0.88667;0.58361;0.900729;0.563367;0.918236;0.549517;0.93045;0.541346;0.932814;0.567352;0.957742;0.553203;0.971773;0.549868;0.956075;0.553582;0.944564;0.578056;0.95653;0.565271;0.968305;0.5611;0.95048;0.561613;0.939375;0.58822;0.948995;0.577833;0.957492;0.574816;0.938871;0.574257;0.927292;0.597373;0.937254;0.589698;0.944861;0.584657;0.933346;0.581029;0.924223
0.455069;0.19138;0.61177;0.824467;0.58992;0.83135;0.565284;0.846326;0.54685;0.854056;0.539141;0.853406;0.571692;0.860764;0.55368;0.878257;0.550285;0.865546;0.550993;0.857487;0.581503;0.856132;0.565429;0.868435;0.560757;0.854418;0.559233;0.849032;0.590675;0.847539;0.57533;0.855886;0.569798;0.842722;0.567189;0.836389;0.598813;0.836928;0.584934;0.84314;0.577371;0.835974;0.572582;0.832233;0.375694;0.701057;0.395854;0.673162;0.413063;0.665744;0.428229;0.666196;0.436235;0.671968;0.433407;0.671909;0.454225;0.669803;0.456972;0.66992;0.454037;0.665172;0.431203;0.692728;0.445136;0.70073;0.439898;0.699552;0.433003;0.69137;0.423293;0.714361;0.428061;0.723919;0.421381;0.718619;0.415137;0.707724;0.411712;0.733908;0.413025;0.741697;0.405728;0.736322;0.399053;0.727309
0.455035;0.190224;0.604613;0.814836;0.583311;0.832752;0.564103;0.843325;0.552746;0.851994;0.54749;0.853175;0.562799;0.847868;0.550863;0.854782;0.547375;0.845614;0.545606;0.837271;0.572317;0.847507;0.558314;0.848494;0.553938;0.840999;0.549929;0.835695;0.581733;0.844245;0.567115;0.844073;0.562419;0.836455;0.558924;0.829408;0.590732;0.839068;0.578573;0.838084;0.574267;0.831521;0.571971;0.824823;0.369801;0.697;0.39394;0.689213;0.413391;0.684454;0.427163;0.682006;0.435172;0.679452;0.424932;0.687258;0.442814;0.674955;0.450192;0.664932;0.452787;0.655845;0.422622;0.692521;0.441397;0.67976;0.448041;0.669685;0.450161;0.660723;0.418;0.697753;0.432862;0.684716;0.437188;0.673585;0.437753;0.666369;0.410867;0.704444;0.419682;0.69561;0.423504;0.686662;0.4248;0.680417
0.455618;0.18964;0.598828;0.804177;0.589187;0.829531;0.576546;0.839372;0.56945;0.845242;0.564958;0.850551;0.563429;0.836511;0.555288;0.845746;0.552666;0.845411;0.551943;0.841826;0.566082;0.832151;0.556767;0.84026;0.554048;0.839197;0.551307;0.835685;0.569903;0.827917;0.560985;0.835817;0.559788;0.834896;0.55799;0.832465;0.574613;0.824543;0.568295;0.830147;0.566477;0.830023;0.564889;0.827475;0.361255;0.674062;0.378956;0.681745;0.397759;0.684282;0.412043;0.686456;0.420451;0.684233;0.40128;0.68573;0.427014;0.675667;0.437936;0.666477;0.442476;0.658735;0.401548;0.677304;0.430693;0.666399;0.443112;0.65793;0.448898;0.649581;0.400028;0.669132;0.426991;0.659665;0.439223;0.651962;0.445609;0.645162;0.397433;0.663553;0.417166;0.656607;0.427004;0.652161;0.433379;0.649013
0.458074;0.190136;0.364256;0.651732;0.370258;0.668352;0.378431;0.673596;0.386058;0.678319;0.390024;0.677411;0.388823;0.66799;0.406709;0.661531;0.411143;0.657476;0.410587;0.654861;0.39405;0.658388;0.416648;0.650323;0.423894;0.646406;0.426003;0.642491;0.39676;0.649244;0.418035;0.64202;0.424336;0.63617;0.426311;0.632814;0.397422;0.641166;0.413248;0.636059;0.418219;0.631192;0.419347;0.629954
0.458205;0.18758;0.31359;0.652336;0.325303;0.610779;0.343826;0.584693;0.363055;0.580137;0.373457;0.591614;0.333636;0.610079;0.382505;0.606544;0.381487;0.607856;0.370248;0.609565;0.333137;0.639418;0.388024;0.635317;0.383681;0.630717;0.369189;0.630462;0.33593;0.664512;0.386264;0.658172;0.381031;0.651012;0.368287;0.649814;0.340075;0.684144;0.376945;0.677893;0.37564;0.669238;0.36851;0.666221;0.629205;0.671666;0.600038;0.625683;0.564984;0.615431;0.533031;0.616236;0.513845;0.61591;0.559298;0.625175;0.51076;0.62149;0.506753;0.617471;0.513423;0.615878;0.558244;0.652713;0.507946;0.644857;0.509504;0.636738;0.520366;0.634817;0.560705;0.675915;0.513448;0.669178;0.514276;0.659712;0.524363;0.656117;0.565841;0.694636;0.529631;0.690191;0.526114;0.678942;0.532835;0.673315
0.458533;0.18701;0.31678;0.655731;0.326272;0.616233;0.345433;0.590249;0.368918;0.582108;0.386563;0.585053;0.337308;0.610099;0.381668;0.608263;0.397502;0.604653;0.402795;0.60246;0.339355;0.639639;0.389265;0.632136;0.400364;0.625;0.397806;0.623036;0.343225;0.664811;0.389111;0.655392;0.398388;0.644467;0.39601;0.638423;0.347966;0.683387;0.382788;0.676883;0.392005;0.667199;0.392378;0.660826;0.63236;0.675305;0.606156;0.62712;0.572967;0.61051;0.543258;0.609815;0.522833;0.60991;0.565836;0.624409;0.515364;0.618795;0.512855;0.612652;0.521704;0.611791;0.563853;0.652157;0.5127;0.642873;0.516326;0.63416;0.529274;0.633115;0.565279;0.675709;0.519692;0.665812;0.523371;0.655588;0.535794;0.65346;0.569219;0.695487;0.532395;0.687247;0.531957;0.676525;0.541545;0.67384
0.459267;0.187241;0.323391;0.653905;0.334589;0.613597;0.356181;0.592845;0.379307;0.586062;0.396134;0.580646;0.35659;0.604559;0.388882;0.599624;0.408868;0.59929;0.423417;0.599264;0.358626;0.6294;0.395679;0.624007;0.41563;0.618165;0.429229;0.615158;0.360314;0.652774;0.395274;0.648348;0.412718;0.639616;0.424099;0.636004;0.362139;0.673072;0.389394;0.668682;0.401729;0.660431;0.409624;0.655849;0.641666;0.675007;0.61411;0.628226;0.58139;0.612797;0.551291;0.611178;0.530941;0.612877;0.576734;0.627731;0.526127;0.623859;0.522966;0.61968;0.531273;0.619433;0.575361;0.654764;0.523227;0.64806;0.524302;0.640822;0.536655;0.638465;0.577398;0.678105;0.532126;0.670129;0.53384;0.660663;0.545881;0.657009;0.581606;0.696972;0.544972;0.689629;0.543217;0.679092;0.552572;0.6749
0.456614;0.190142;0.327205;0.636669;0.34369;0.602402;0.364478;0.58495;0.383369;0.578967;0.396793;0.57232;0.36769;0.602929;0.393241;0.60303;0.412666;0.60271;0.430033;0.603624;0.36768;0.625145;0.39613;0.626943;0.417069;0.625105;0.435738;0.623306;0.365011;0.646055;0.393096;0.649678;0.4138;0.646775;0.431203;0.644642;0.361164;0.664218;0.380892;0.667824;0.39693;0.667216;0.411959;0.665867;0.653436;0.670532;0.625767;0.624095;0.591526;0.610357;0.561161;0.611035;0.541777;0.616264;0.59003;0.628201;0.540294;0.625448;0.533041;0.624102;0.537878;0.625333;0.588643;0.655746;0.535639;0.650352;0.534091;0.644437;0.545979;0.642283;0.590341;0.678705;0.543781;0.67223;0.544351;0.662917;0.557362;0.65871;0.594063;0.697404;0.555979;0.69242;0.553557;0.682723;0.563699;0.678838
0.456219;0.191103;0.333226;0.625537;0.348933;0.593923;0.369223;0.580594;0.386225;0.575533;0.400399;0.57001;0.375348;0.60204;0.394105;0.605292;0.407433;0.607262;0.421907;0.60672;0.374236;0.622647;0.394083;0.628519;0.409193;0.628367;0.425093;0.626723;0.370278;0.63966;0.390284;0.647995;0.405348;0.648436;0.420808;0.646923;0.363665;0.653795;0.377902;0.661626;0.389729;0.665443;0.402559;0.667031;0.666797;0.66957;0.637313;0.626517;0.60385;0.615404;0.574261;0.619181;0.559627;0.628481;0.602457;0.630621;0.5519;0.635405;0.556011;0.635445;0.56832;0.634413;0.603483;0.6584;0.550827;0.657993;0.556182;0.654411;0.571365;0.651718;0.606676;0.68123;0.560004;0.679773;0.565212;0.673287;0.579705;0.668948;0.611288;0.700072;0.573012;0.699639;0.574896;0.692326;0.586933;0.68885
0.456729;0.191637;0.333736;0.633075;0.34811;0.603669;0.364784;0.588872;0.37903;0.582753;0.389681;0.578964;0.370979;0.593688;0.392244;0.591025;0.407849;0.590222;0.422239;0.590285;0.371533;0.61107;0.394738;0.60995;0.41315;0.608883;0.429822;0.609042;0.369075;0.628602;0.392916;0.628839;0.410238;0.628804;0.425553;0.62816;0.364899;0.645013;0.38343;0.648404;0.396411;0.650369;0.408545;0.651707;0.67424;0.681889;0.64663;0.633957;0.61843;0.616202;0.592366;0.621949;0.582427;0.638899;0.617853;0.647343;0.569112;0.657024;0.581475;0.654498;0.596756;0.651668;0.620152;0.676408;0.569405;0.676556;0.582027;0.670075;0.598049;0.667071;0.623213;0.699694;0.578851;0.697017;0.588879;0.689542;0.602838;0.687252;0.62563;0.717963;0.587352;0.718412;0.59421;0.710791;0.607298;0.707688
0.459311;0.190165;0.338875;0.625598;0.34891;0.594728;0.366656;0.578454;0.381974;0.573478;0.394821;0.569511;0.368718;0.586998;0.390842;0.585289;0.405265;0.584403;0.419072;0.583336;0.36916;0.606589;0.39245;0.608889;0.408989;0.609213;0.424569;0.609284;0.368624;0.624478;0.391771;0.627273;0.409298;0.62692;0.424841;0.626466;0.367045;0.641297;0.385429;0.644178;0.398427;0.646511;0.411209;0.646964;0.670436;0.689239;0.648182;0.640534;0.619174;0.626843;0.590051;0.630465;0.570838;0.641569;0.622852;0.646376;0.571094;0.653009;0.564732;0.644394;0.569745;0.637963;0.620471;0.676321;0.566937;0.676806;0.56992;0.663255;0.582247;0.656031;0.617068;0.69942;0.57161;0.695311;0.576419;0.682717;0.589373;0.677306;0.614391;0.716981;0.578664;0.713834;0.582859;0.702244;0.595409;0.69642
0.458848;0.189074;0.345102;0.622211;0.350292;0.592679;0.362938;0.57709;0.376468;0.571064;0.387189;0.568728;0.360752;0.592059;0.380707;0.584726;0.394144;0.579534;0.404294;0.575085;0.363456;0.611233;0.385581;0.604328;0.400183;0.599278;0.411041;0.595347;0.365642;0.627811;0.385993;0.621403;0.400032;0.617531;0.410406;0.614239;0.367138;0.641823;0.384042;0.639029;0.395524;0.638114;0.405147;0.636367;0.66353;0.680196;0.637605;0.632233;0.605305;0.62152;0.573643;0.627795;0.551503;0.63496;0.60786;0.634431;0.565436;0.640757;0.55267;0.638776;0.548429;0.636816;0.605653;0.66348;0.56136;0.663975;0.552461;0.654141;0.553812;0.64722;0.604099;0.687216;0.562495;0.685887;0.557982;0.672985;0.564477;0.665173;0.603497;0.705145;0.569024;0.702056;0.564217;0.690951;0.569857;0.684048
0.457801;0.190641;0.343508;0.61588;0.350419;0.587059;0.364564;0.570835;0.379517;0.561819;0.38984;0.554106;0.366948;0.589664;0.385376;0.584785;0.399639;0.581959;0.411962;0.577636;0.36904;0.607513;0.389918;0.602317;0.406268;0.59816;0.419376;0.594301;0.369851;0.623726;0.39079;0.619456;0.40644;0.614861;0.419029;0.61069;0.369159;0.6376;0.386166;0.636241;0.398675;0.634535;0.409478;0.632951;0.653393;0.672261;0.6245;0.626068;0.593195;0.614703;0.561742;0.617638;0.535946;0.617321;0.595699;0.629833;0.563458;0.628074;0.546947;0.626356;0.53598;0.627375;0.593359;0.65507;0.557703;0.650092;0.542944;0.644832;0.536977;0.642967;0.59193;0.677579;0.556696;0.672948;0.545245;0.665709;0.544503;0.661819;0.592045;0.694976;0.563093;0.69195;0.553326;0.685381;0.553428;0.679602
0.457812;0.191343;0.33933;0.612203;0.34816;0.583471;0.365939;0.568448;0.383394;0.562694;0.395512;0.55952;0.369969;0.583188;0.394693;0.578718;0.411731;0.579293;0.425417;0.579749;0.369683;0.603566;0.396997;0.60233;0.41622;0.602225;0.43115;0.601606;0.367773;0.623344;0.394674;0.623538;0.412891;0.621292;0.426697;0.618896;0.365254;0.639399;0.386873;0.640146;0.401013;0.638839;0.412742;0.636603;0.646577;0.66847;0.622105;0.632706;0.595518;0.617986;0.567542;0.612741;0.541396;0.606282;0.586177;0.622781;0.557305;0.615914;0.537693;0.614253;0.520005;0.616419;0.58462;0.644129;0.554379;0.63604;0.533508;0.635222;0.518442;0.638713;0.5847;0.664814;0.557535;0.65988;0.539337;0.658573;0.527391;0.659068;0.587411;0.68344;0.56544;0.682971;0.551984;0.680508;0.543405;0.67835
0.457337;0.196544;0.336319;0.608569;0.35537;0.622007;0.374456;0.621611;0.38787;0.616049;0.391446;0.6076;0.376106;0.615353;0.393488;0.613506;0.392261;0.613459;0.388817;0.613657;0.370166;0.604492;0.389166;0.607455;0.388479;0.60847;0.384261;0.61044;0.364236;0.595905;0.383884;0.598922;0.381986;0.602569;0.377288;0.607363;0.358043;0.589793;0.375216;0.593333;0.374778;0.598625;0.370813;0.603977;0.645686;0.661619;0.628275;0.634954;0.604562;0.618802;0.582947;0.608486;0.564466;0.599811;0.585998;0.61733;0.559359;0.60896;0.541288;0.602422;0.523896;0.596154;0.583875;0.632535;0.553598;0.62653;0.531508;0.622076;0.51212;0.6185;0.584238;0.647873;0.556376;0.64408;0.535487;0.640433;0.517415;0.637315;0.587141;0.663105;0.565073;0.662738;0.550085;0.660716;0.537483;0.659053
0.456741;0.196015;0.329801;0.63392;0.331789;0.605491;0.344815;0.590892;0.36079;0.58857;0.368281;0.593516;0.358813;0.603082;0.378274;0.602555;0.3696;0.604042;0.360768;0.605349;0.364025;0.618848;0.383443;0.619109;0.373203;0.618446;0.363207;0.619952;0.367486;0.632836;0.382582;0.633075;0.372127;0.631258;0.363112;0.633446;0.369391;0.645339;0.380534;0.64536;0.372872;0.644037;0.365731;0.645091;0.644999;0.655726;0.624716;0.626584;0.601813;0.609696;0.581887;0.600236;0.563404;0.592129;0.584059;0.608617;0.558806;0.60184;0.540449;0.597669;0.523393;0.59318;0.583613;0.625111;0.553379;0.620847;0.53181;0.618759;0.513079;0.616883;0.586208;0.642982;0.559133;0.642089;0.539092;0.641595;0.521602;0.640374;0.591032;0.66151;0.570079;0.662655;0.556279;0.662719;0.544884;0.662788
0.456582;0.195831;0.329568;0.636448;0.333275;0.614539;0.347411;0.602152;0.363102;0.59995;0.373619;0.60373;0.354933;0.606726;0.369066;0.604347;0.369717;0.607655;0.366946;0.61044;0.359469;0.617752;0.377889;0.612938;0.389537;0.609218;0.396603;0.605663;0.362488;0.630793;0.379936;0.62852;0.377953;0.6285;0.37329;0.630719;0.364147;0.643295;0.376805;0.640274;0.376587;0.638978;0.374414;0.640364;0.641994;0.649474;0.620905;0.619549;0.59694;0.602902;0.575352;0.594397;0.555987;0.588875;0.582328;0.605638;0.558201;0.598674;0.539386;0.594229;0.521956;0.589539;0.582498;0.622711;0.553732;0.617978;0.531872;0.614821;0.51292;0.61198;0.585254;0.64094;0.558886;0.639277;0.539329;0.637739;0.522758;0.635216;0.590054;0.659387;0.569658;0.660573;0.556386;0.659965;0.546066;0.659026
0.456637;0.196346;0.330254;0.633684;0.335533;0.60919;0.352343;0.5972;0.369607;0.594565;0.380485;0.597344;0.350805;0.59572;0.372943;0.59122;0.38853;0.59269;0.400836;0.594286;0.352329;0.61185;0.378495;0.611012;0.395003;0.610625;0.407575;0.611298;0.354864;0.628684;0.380155;0.628195;0.395945;0.625368;0.407087;0.62495;0.357157;0.644491;0.378036;0.642928;0.390327;0.641044;0.399659;0.639693;0.638417;0.648467;0.61471;0.615324;0.590763;0.59691;0.567633;0.588288;0.546802;0.581718;0.583138;0.601376;0.557334;0.592187;0.538942;0.588243;0.522362;0.586388;0.582754;0.621388;0.554098;0.613655;0.532799;0.610823;0.515584;0.610911;0.584415;0.642003;0.558011;0.637638;0.538241;0.635176;0.522561;0.633726;0.587793;0.662435;0.567161;0.661494;0.552268;0.660144;0.540007;0.659149
0.456331;0.196043;0.332266;0.635761;0.338645;0.620547;0.348887;0.608123;0.357802;0.601964;0.364753;0.596613;0.357103;0.604161;0.368961;0.593713;0.375867;0.590599;0.381408;0.588895;0.358339;0.612284;0.371031;0.601449;0.379088;0.596966;0.386789;0.593799;0.358444;0.621463;0.370037;0.612327;0.377335;0.60761;0.384546;0.604243;0.357226;0.631756;0.367449;0.626312;0.373668;0.621881;0.379495;0.617832;0.632129;0.639806;0.607206;0.600138;0.582281;0.586127;0.558877;0.581329;0.538469;0.574925;0.577941;0.603773;0.551461;0.598947;0.534103;0.595935;0.519562;0.596078;0.576975;0.624724;0.547918;0.618885;0.530963;0.613737;0.519361;0.61286;0.57844;0.645205;0.549952;0.641485;0.534766;0.636771;0.525452;0.635231;0.5816;0.663873;0.558955;0.659998;0.546836;0.656352;0.539312;0.654582
0.457008;0.194308;0.641991;0.653667;0.626585;0.616323;0.595965;0.603438;0.567549;0.608576;0.550841;0.620622;0.602872;0.611714;0.557453;0.614172;0.552062;0.619021;0.55621;0.621824;0.605272;0.638612;0.554938;0.640347;0.552623;0.639643;0.560026;0.638001;0.607181;0.664138;0.560475;0.66412;0.558336;0.658349;0.567125;0.65574;0.60757;0.686418;0.571396;0.683924;0.565928;0.677725;0.569826;0.675371
0.457175;0.194912;0.652772;0.663567;0.625976;0.623916;0.601865;0.611825;0.579861;0.618683;0.563498;0.631243;0.616828;0.640763;0.567308;0.641102;0.57375;0.633311;0.588672;0.633807;0.618614;0.671611;0.565718;0.668404;0.573665;0.655835;0.590017;0.65311;0.616804;0.695309;0.56909;0.691846;0.576627;0.678422;0.591191;0.673911;0.613575;0.712393;0.579585;0.710263;0.582089;0.698321;0.591424;0.692808;0.381557;0.612411;0.394349;0.570418;0.421559;0.553595;0.446945;0.552713;0.463007;0.555493;0.443373;0.579171;0.475304;0.567287;0.468283;0.559958;0.459372;0.556945;0.444672;0.606861;0.470195;0.587865;0.459806;0.575931;0.450899;0.57356;0.441267;0.627226;0.46087;0.606773;0.450852;0.596924;0.440826;0.596984;0.437;0.642039;0.451448;0.622878;0.443455;0.615816;0.435346;0.617664
0.45771;0.19502;0.6609;0.667541;0.642835;0.627536;0.613141;0.614342;0.586447;0.62475;0.57757;0.642184;0.62269;0.626928;0.575913;0.634194;0.580377;0.637841;0.592331;0.63895;0.624589;0.65841;0.574067;0.660221;0.581435;0.659146;0.596095;0.657611;0.62329;0.684939;0.577557;0.684215;0.585096;0.679027;0.599509;0.676815;0.620932;0.706314;0.58574;0.704729;0.58907;0.69663;0.599636;0.692883;0.374011;0.609523;0.392687;0.561294;0.424444;0.545543;0.451887;0.547484;0.470725;0.550644;0.444454;0.571211;0.473015;0.553845;0.468005;0.547493;0.462046;0.54859;0.445296;0.599613;0.467574;0.577785;0.455661;0.569232;0.445346;0.570847;0.441481;0.621171;0.457365;0.597531;0.445708;0.589205;0.435221;0.592578;0.436719;0.637953;0.447955;0.614094;0.437602;0.607221;0.428794;0.611874
0.45916;0.195653;0.654762;0.670017;0.636088;0.627925;0.607417;0.612394;0.57965;0.617735;0.562761;0.630847;0.617728;0.628981;0.572658;0.63531;0.559698;0.636298;0.556935;0.635647;0.616855;0.659425;0.567568;0.658147;0.559843;0.648832;0.563721;0.641667;0.613208;0.684363;0.56816;0.678689;0.564872;0.665459;0.572783;0.657663;0.608035;0.70281;0.572088;0.696526;0.566816;0.682317;0.57212;0.672882;0.366883;0.607271;0.383937;0.560866;0.414915;0.543115;0.442491;0.542636;0.461749;0.544014;0.43595;0.565749;0.469936;0.551727;0.470481;0.544408;0.466818;0.542424;0.438599;0.594158;0.465776;0.574036;0.456853;0.564467;0.44785;0.564458;0.436144;0.616661;0.455321;0.594114;0.446272;0.584839;0.437029;0.585552;0.432055;0.634798;0.445766;0.612884;0.438002;0.604759;0.430068;0.605801
0.460176;0.195019;0.649457;0.657602;0.627092;0.616888;0.598402;0.60481;0.569693;0.607046;0.548686;0.613017;0.604756;0.617061;0.56705;0.619568;0.549975;0.62076;0.541161;0.621822;0.603338;0.644404;0.563206;0.641875;0.545603;0.638988;0.53938;0.636508;0.600864;0.66885;0.561671;0.665939;0.547396;0.659494;0.545882;0.654495;0.598006;0.687608;0.564696;0.685174;0.552122;0.677665;0.550285;0.670303;0.358111;0.612328;0.373519;0.56743;0.404379;0.546852;0.43282;0.543599;0.452368;0.541118;0.426121;0.570081;0.463323;0.556672;0.468004;0.546363;0.46796;0.539101;0.429764;0.599055;0.460336;0.576468;0.453871;0.564119;0.446022;0.560541;0.428153;0.621489;0.452003;0.59673;0.446249;0.584519;0.438372;0.58116;0.424686;0.63946;0.443956;0.618073;0.438867;0.607435;0.431284;0.604301
0.46299;0.197973;0.650456;0.651933;0.637876;0.62589;0.616104;0.611112;0.595355;0.607222;0.57766;0.604371;0.598881;0.611478;0.571058;0.600298;0.552438;0.595816;0.535145;0.59284;0.593344;0.630608;0.562397;0.621811;0.539949;0.618148;0.520706;0.617663;0.591895;0.649303;0.563923;0.643921;0.543488;0.640494;0.524881;0.6386;0.59378;0.667646;0.572038;0.666902;0.557729;0.66476;0.544673;0.66367;0.345684;0.624538;0.369802;0.574858;0.39943;0.557654;0.421335;0.559056;0.430075;0.567764;0.423491;0.590424;0.45055;0.580538;0.436562;0.573162;0.421941;0.572838;0.420129;0.620412;0.438894;0.607842;0.427333;0.597912;0.416011;0.595942;0.411555;0.643786;0.422228;0.628852;0.413488;0.618761;0.404996;0.618085;0.400778;0.661509;0.410533;0.648955;0.404284;0.64052;0.398417;0.63987
0.462036;0.196886;0.650205;0.648822;0.635662;0.620346;0.612018;0.6058;0.58997;0.599128;0.569955;0.592607;0.597973;0.603189;0.571833;0.595454;0.552199;0.589454;0.533889;0.583584;0.596407;0.619873;0.566103;0.615557;0.543812;0.614491;0.525719;0.612962;0.597183;0.637891;0.569476;0.635695;0.549431;0.634672;0.533897;0.632431;0.600217;0.655457;0.578295;0.655847;0.564621;0.654567;0.555041;0.653035;0.333239;0.644151;0.359664;0.594021;0.388962;0.574615;0.412417;0.576424;0.418047;0.586751;0.400398;0.606529;0.431896;0.602676;0.416854;0.598694;0.401239;0.598779;0.396311;0.638162;0.422718;0.630043;0.408344;0.6217;0.395143;0.619152;0.389039;0.663583;0.410829;0.653388;0.398738;0.644289;0.38823;0.642965;0.381007;0.681596;0.39773;0.672519;0.38957;0.665839;0.382718;0.66437
0.461435;0.194233;0.649264;0.642674;0.62598;0.612671;0.598958;0.600248;0.575815;0.594373;0.556342;0.590349;0.596842;0.59787;0.572047;0.588999;0.551904;0.580275;0.532686;0.570684;0.595466;0.612256;0.56599;0.609175;0.540443;0.603868;0.517717;0.597226;0.596293;0.62981;0.566774;0.628566;0.544001;0.623077;0.525545;0.616809;0.600027;0.64713;0.577245;0.647898;0.56023;0.644203;0.546634;0.640425;0.329321;0.661641;0.342118;0.616887;0.358161;0.589956;0.374281;0.583534;0.381008;0.58983;0.367259;0.620614;0.398715;0.619378;0.394708;0.620947;0.384326;0.623626;0.367861;0.653317;0.400998;0.652148;0.392119;0.649296;0.380391;0.647872;0.366715;0.681221;0.396142;0.680772;0.385674;0.673236;0.375526;0.670402;0.364909;0.702432;0.386863;0.701128;0.37971;0.696035;0.371806;0.693335
0.462785;0.19201;0.648088;0.638246;0.626246;0.61018;0.60099;0.596868;0.579909;0.588839;0.561822;0.583587;0.59369;0.603045;0.568819;0.596486;0.549944;0.588945;0.532789;0.579646;0.593518;0.614978;0.565115;0.611573;0.542526;0.604001;0.521996;0.59486;0.595069;0.628054;0.56754;0.623778;0.546508;0.616702;0.52806;0.610016;0.599278;0.639587;0.5785;0.637833;0.562771;0.63414;0.548679;0.631419;0.333543;0.675818;0.344865;0.636582;0.355616;0.609831;0.367533;0.605922;0.369327;0.618684;0.34157;0.64491;0.37061;0.646334;0.372654;0.644335;0.366948;0.642784;0.339766;0.675751;0.378658;0.676449;0.378636;0.670005;0.368728;0.666031;0.342984;0.700623;0.380646;0.700512;0.377928;0.691765;0.368553;0.687286;0.347635;0.717819;0.375141;0.716277;0.374933;0.709507;0.368783;0.703478
0.462305;0.192418;0.646904;0.636977;0.622738;0.61142;0.596277;0.598282;0.575722;0.590509;0.558448;0.585914;0.593398;0.602298;0.570864;0.594399;0.554;0.587716;0.539054;0.580895;0.595821;0.613089;0.56857;0.606997;0.549382;0.602006;0.532465;0.596432;0.59982;0.626632;0.57333;0.61997;0.555848;0.616061;0.540503;0.612642;0.606018;0.639561;0.586205;0.635972;0.573554;0.634173;0.562978;0.633969;0.335067;0.680863;0.345053;0.643477;0.357096;0.617682;0.372463;0.614652;0.380218;0.630281;0.331475;0.645785;0.36617;0.654578;0.378869;0.654427;0.378832;0.65188;0.330369;0.677198;0.37939;0.684861;0.388274;0.675577;0.379423;0.667319;0.335565;0.702941;0.384145;0.707213;0.388143;0.694882;0.378064;0.686183;0.343772;0.721669;0.381094;0.723527;0.386279;0.711297;0.37852;0.700837
0.462037;0.190359;0.644184;0.640775;0.624223;0.605822;0.602284;0.58944;0.583353;0.581002;0.565839;0.578194;0.59873;0.594834;0.574645;0.58415;0.554857;0.584152;0.536063;0.585118;0.597947;0.613215;0.568961;0.604082;0.54459;0.603911;0.524141;0.606327;0.598495;0.633848;0.569022;0.629247;0.546291;0.626826;0.528222;0.627162;0.599967;0.654847;0.576933;0.652287;0.560342;0.650921;0.546784;0.650972;0.323378;0.630756;0.34595;0.677463;0.366319;0.695914;0.381022;0.700206;0.392586;0.697536;0.362531;0.703225;0.396994;0.703833;0.414624;0.694829;0.428019;0.692324;0.358293;0.678705;0.397783;0.682915;0.418252;0.674129;0.434622;0.669242;0.354973;0.653037;0.394109;0.655614;0.412046;0.648872;0.425194;0.646492;0.350882;0.625759;0.37634;0.62545;0.388585;0.624418;0.398041;0.626069
0.461361;0.193162;0.639066;0.641306;0.615501;0.611373;0.593615;0.594455;0.573257;0.587315;0.554199;0.583638;0.600757;0.596182;0.573727;0.594561;0.553602;0.596719;0.537542;0.599301;0.601326;0.615232;0.57153;0.613051;0.549229;0.613761;0.532917;0.616308;0.60239;0.636989;0.573951;0.636057;0.554195;0.63551;0.540212;0.636812;0.603846;0.65909;0.581191;0.658131;0.565026;0.656155;0.55306;0.654738;0.335436;0.631703;0.339748;0.657864;0.348137;0.678963;0.355586;0.691097;0.361213;0.696987;0.358533;0.681599;0.384343;0.695055;0.402723;0.697781;0.417965;0.697557;0.362286;0.668405;0.391495;0.677548;0.412308;0.67951;0.428974;0.680166;0.365485;0.653084;0.394021;0.657903;0.413553;0.659688;0.428933;0.661211;0.368467;0.638048;0.388751;0.642485;0.402663;0.645718;0.413845;0.647751
0.461821;0.194941;0.637316;0.649528;0.618725;0.623263;0.599895;0.606722;0.582814;0.603055;0.570679;0.601589;0.608322;0.614273;0.581286;0.613925;0.564978;0.614249;0.554663;0.61484;0.611221;0.629531;0.583674;0.629303;0.564817;0.628164;0.55127;0.627401;0.61452;0.645782;0.588862;0.645381;0.571776;0.642953;0.55983;0.640477;0.616863;0.660663;0.597752;0.661319;0.585573;0.659254;0.577623;0.656785;0.332147;0.642205;0.338784;0.66238;0.351703;0.676107;0.362859;0.682424;0.369167;0.68617;0.360756;0.678891;0.383151;0.688325;0.397094;0.69208;0.408689;0.694196;0.362404;0.669364;0.386059;0.677707;0.402452;0.682096;0.415993;0.685478;0.362172;0.658204;0.384736;0.664044;0.398772;0.668323;0.408824;0.672802;0.360498;0.646462;0.377957;0.650069;0.388321;0.653829;0.395908;0.656739
0.460642;0.19669;0.635834;0.646527;0.618536;0.627742;0.601089;0.621452;0.587591;0.619925;0.578517;0.620657;0.608645;0.627368;0.590225;0.629156;0.577795;0.629851;0.568751;0.628887;0.614252;0.634362;0.593394;0.63822;0.578437;0.639332;0.566245;0.637651;0.619391;0.642762;0.599477;0.646809;0.585914;0.648142;0.575534;0.647133;0.624508;0.651058;0.611699;0.655654;0.602457;0.656391;0.595302;0.656113;0.332121;0.650276;0.339513;0.662691;0.351214;0.670533;0.360769;0.674049;0.36661;0.676539;0.360004;0.678071;0.381453;0.682449;0.395373;0.684152;0.407569;0.685507;0.360375;0.672718;0.381983;0.673682;0.397577;0.674445;0.412073;0.675733;0.359163;0.664298;0.376857;0.659881;0.381919;0.654874;0.385122;0.651174;0.356622;0.654683;0.370918;0.652903;0.375947;0.650799;0.378677;0.648363
0.460541;0.195788;0.636709;0.656812;0.621829;0.647821;0.606837;0.641903;0.595145;0.637248;0.587284;0.634999;0.608955;0.643448;0.592857;0.639921;0.585573;0.638057;0.581294;0.63733;0.613121;0.644327;0.595181;0.640794;0.585811;0.639897;0.580065;0.639903;0.61742;0.646168;0.600742;0.643572;0.592061;0.642694;0.587657;0.642682;0.621605;0.648554;0.610077;0.646766;0.604152;0.645785;0.601992;0.646034
0.457543;0.192029;0.642538;0.697828;0.624477;0.712805;0.611152;0.714656;0.601225;0.707715;0.59332;0.701562;0.610705;0.708022;0.590489;0.704071;0.573474;0.702004;0.559933;0.700707;0.613409;0.689836;0.58935;0.686146;0.569636;0.683873;0.554461;0.683831;0.616452;0.674579;0.592906;0.669378;0.575519;0.669729;0.562186;0.672871;0.621031;0.661784;0.602271;0.652815;0.589528;0.652102;0.5793;0.655146;0.352475;0.676341;0.369003;0.629389;0.402239;0.609216;0.432155;0.610021;0.45234;0.613742;0.417324;0.640638;0.459006;0.631566;0.464389;0.618231;0.461742;0.609646;0.421;0.671571;0.460012;0.652491;0.457486;0.63513;0.449433;0.627412;0.420665;0.694404;0.454141;0.670717;0.451976;0.653108;0.444261;0.646713;0.418957;0.710527;0.445003;0.692815;0.442874;0.677911;0.434643;0.670851
0.456194;0.191917;0.640979;0.703385;0.628135;0.687782;0.615784;0.681698;0.606571;0.676584;0.598493;0.675822;0.602973;0.687374;0.588638;0.683162;0.578382;0.682115;0.567952;0.680322;0.604209;0.691604;0.58896;0.686202;0.578283;0.683607;0.567902;0.679495;0.607662;0.694872;0.594817;0.689145;0.585221;0.685563;0.576685;0.681062;0.612888;0.697954;0.603001;0.692301;0.595735;0.688931;0.59021;0.685404;0.350767;0.703641;0.395232;0.705802;0.434983;0.699885;0.46109;0.68443;0.469679;0.672066;0.43367;0.694267;0.458171;0.677794;0.461308;0.686325;0.457465;0.69659;0.422231;0.678757;0.446515;0.668204;0.452729;0.673476;0.451881;0.683883;0.408883;0.665651;0.433769;0.656954;0.437171;0.662362;0.433778;0.675678;0.396489;0.653776;0.415556;0.645812;0.419588;0.651599;0.416997;0.662475
0.456664;0.189497;0.347178;0.709296;0.386142;0.721816;0.423331;0.718437;0.446539;0.711589;0.459296;0.711429;0.425386;0.706056;0.4508;0.701566;0.462568;0.712957;0.466812;0.722872;0.415614;0.693204;0.439289;0.692424;0.450987;0.700413;0.458266;0.7082;0.404123;0.682342;0.425312;0.678052;0.433493;0.685063;0.43771;0.695144;0.393029;0.671421;0.411642;0.664976;0.419242;0.670785;0.423179;0.679716
0.456685;0.18948;0.59492;0.784201;0.564908;0.75973;0.540392;0.758166;0.526501;0.773665;0.527133;0.791524;0.525882;0.821578;0.510301;0.846053;0.521688;0.837564;0.532124;0.82436;0.53957;0.843889;0.526914;0.863169;0.53887;0.853064;0.547883;0.840054;0.555926;0.857772;0.544304;0.871632;0.55443;0.863529;0.560937;0.851696;0.573888;0.865122;0.562241;0.877568;0.569019;0.867011;0.573685;0.853808
0.456735;0.188268;0.594734;0.817719;0.557876;0.800918;0.532335;0.808396;0.51816;0.83324;0.514796;0.857764;0.544168;0.866966;0.517086;0.903036;0.51282;0.894076;0.51749;0.881245;0.560779;0.885629;0.527823;0.918601;0.522816;0.907127;0.527306;0.89457;0.573672;0.896263;0.543791;0.924895;0.539335;0.916003;0.543137;0.903608;0.584734;0.901076;0.56003;0.922505;0.551666;0.915137;0.551992;0.903612;0.384825;0.816174;0.430025;0.791419;0.457775;0.80274;0.475308;0.82812;0.48289;0.846821;0.455268;0.888463;0.494676;0.924789;0.49283;0.895201;0.481483;0.871325;0.439185;0.909683;0.479146;0.932243;0.474633;0.900169;0.460249;0.880901;0.424889;0.919476;0.455922;0.933366;0.452228;0.905568;0.440133;0.889363;0.414009;0.924083;0.437072;0.931191;0.43479;0.909384;0.424828;0.895167
0.456233;0.188498;0.598972;0.820577;0.565813;0.821271;0.538208;0.843218;0.522182;0.872171;0.514193;0.902697;0.551144;0.86177;0.534786;0.905349;0.524426;0.932749;0.516383;0.953344;0.568881;0.875661;0.549589;0.925114;0.537396;0.954212;0.52986;0.972638;0.584999;0.885226;0.568048;0.934004;0.555933;0.96053;0.547917;0.975783;0.598612;0.891035;0.585598;0.930447;0.575402;0.952906;0.56743;0.966643;0.383278;0.810145;0.420844;0.813173;0.446851;0.837883;0.464294;0.863504;0.477571;0.890131;0.440783;0.872956;0.458189;0.919933;0.466292;0.94913;0.471629;0.970401;0.424051;0.884766;0.443575;0.934289;0.453283;0.964944;0.460608;0.986393;0.407674;0.89118;0.423873;0.934246;0.435053;0.963029;0.443396;0.983529;0.392021;0.892571;0.40501;0.926259;0.415136;0.94923;0.423261;0.967216
0.456091;0.187741;0.600494;0.845083;0.569655;0.865662;0.553655;0.886068;0.541218;0.903064;0.531851;0.920231;0.551123;0.900124;0.538447;0.925761;0.530828;0.949887;0.52354;0.9742;0.559147;0.9009;0.543746;0.928752;0.534717;0.956922;0.525843;0.983755;0.567863;0.899386;0.552464;0.925784;0.542524;0.950638;0.534207;0.971843;0.576452;0.895779;0.563835;0.916671;0.557616;0.934451;0.553269;0.949304
0.455966;0.187657;0.59572;0.936173;0.558065;0.951565;0.541159;0.987215;0.536365;1.02472;0.533486;1.05431;0.551143;0.992536;0.54658;1.0492;0.544115;1.08626;0.544318;1.11521;0.571752;0.996503;0.566633;1.0577;0.561666;1.09419;0.558316;1.12264;0.58939;0.999193;0.582333;1.05422;0.574467;1.08055;0.570445;1.0963;0.602652;1.00116;0.596255;1.0443;0.589043;1.0651;0.584647;1.07828;0.402322;0.919006;0.430113;0.93039;0.44489;0.962482;0.448925;0.994914;0.450145;1.01994;0.437595;0.989453;0.445487;1.03484;0.447987;1.06803;0.449303;1.0955;0.420185;0.997284;0.428289;1.04311;0.431768;1.07806;0.434365;1.1072;0.404595;0.998452;0.415204;1.03571;0.418647;1.03779;0.420262;1.03708;0.390715;0.99698;0.403212;1.02913;0.410274;1.03153;0.414564;1.03157
0.457227;0.190487;0.594611;0.968474;0.563918;0.976855;0.54826;0.99546;0.544873;1.01352;0.544203;1.02732;0.552415;1.0022;0.547336;1.03836;0.544261;1.06084;0.545173;1.07598;0.57151;1.00075;0.564521;1.03857;0.559801;1.05935;0.556507;1.07965;0.587598;0.999876;0.581727;1.02721;0.576753;1.04084;0.574796;1.05142;0.600017;1.00001;0.593682;1.02096;0.588244;1.03184;0.584861;1.04109
0.457862;0.191708;0.583012;0.977209;0.568927;0.981281;0.561942;0.994112;0.560782;1.00506;0.560944;1.01366;0.559665;0.9971;0.555085;1.02464;0.553486;1.04135;0.553969;1.0528;0.567289;0.998042;0.563257;1.02947;0.561834;1.04841;0.56107;1.06162;0.575459;0.999963;0.572659;1.02756;0.570564;1.04473;0.569705;1.05586;0.583193;1.00226;0.578748;1.02354;0.576425;1.03682;0.57607;1.04591;0.600822;0.966717;0.576247;0.978273;0.561918;1.0022;0.560478;1.02598;0.562284;1.04128;0.560765;1.00414;0.562928;1.04532;0.566451;1.06635;0.569485;1.07747;0.581356;1.0018;0.58409;1.04741;0.585372;1.06073;0.58541;1.06876;0.600826;1.0016;0.604079;1.03875;0.60363;1.05144;0.603704;1.05873;0.617521;1.00328;0.616991;1.03131;0.614635;1.04272;0.614107;1.04937
