face_x;face_y;landmark_x_1;landmark_y_1;landmark_x_2;landmark_y_2;landmark_x_3;landmark_y_3;landmark_x_4;landmark_y_4;landmark_x_5;landmark_y_5;landmark_x_6;landmark_y_6;landmark_x_7;landmark_y_7;landmark_x_8;landmark_y_8;landmark_x_9;landmark_y_9;landmark_x_10;landmark_y_10;landmark_x_11;landmark_y_11;landmark_x_12;landmark_y_12;landmark_x_13;landmark_y_13;landmark_x_14;landmark_y_14;landmark_x_15;landmark_y_15;landmark_x_16;landmark_y_16;landmark_x_17;landmark_y_17;landmark_x_18;landmark_y_18;landmark_x_19;landmark_y_19;landmark_x_20;landmark_y_20;landmark_x_21;landmark_y_21;landmark_x_22;landmark_y_22;landmark_x_23;landmark_y_23;landmark_x_24;landmark_y_24;landmark_x_25;landmark_y_25;landmark_x_26;landmark_y_26;landmark_x_27;landmark_y_27;landmark_x_28;landmark_y_28;landmark_x_29;landmark_y_29;landmark_x_30;landmark_y_30;landmark_x_31;landmark_y_31;landmark_x_32;landmark_y_32;landmark_x_33;landmark_y_33;landmark_x_34;landmark_y_34;landmark_x_35;landmark_y_35;landmark_x_36;landmark_y_36;landmark_x_37;landmark_y_37;landmark_x_38;landmark_y_38;landmark_x_39;landmark_y_39;landmark_x_40;landmark_y_40;landmark_x_41;landmark_y_41;landmark_x_42;landmark_y_42
0.477014;0.0823328;0.523226;0.217548;0.505977;0.18777;0.49689;0.145635;0.485838;0.119214;0.478434;0.110603;0.521595;0.098842;0.515327;0.069458;0.497992;0.065674;0.481553;0.0777548;0.529352;0.0979855;0.514834;0.0589035;0.497286;0.0663195;0.483867;0.085401;0.536155;0.106241;0.520999;0.0702047;0.501859;0.0951172;0.49062;0.119317;0.538014;0.115949;0.524015;0.0864052;0.509353;0.0982944;0.501693;0.113484
0.469364;0.0746317;0.516485;0.234398;0.524793;0.199882;0.527675;0.148294;0.51873;0.115291;0.505979;0.106481;0.534399;0.081546;0.523888;0.0614349;0.508;0.072993;0.497457;0.0906558;0.522308;0.0822651;0.503585;0.0551805;0.486627;0.0750471;0.474157;0.0987847;0.512726;0.0949646;0.494109;0.0754836;0.487687;0.121483;0.488673;0.15611;0.501541;0.111524;0.486248;0.101194;0.481621;0.132185;0.482437;0.156669
0.474168;0.084163;0.504408;0.233655;0.471518;0.166521;0.467473;0.116364;0.474885;0.0826754;0.48791;0.0763583;0.507264;0.11377;0.518477;0.0759947;0.504397;0.0708044;0.489641;0.0797318;0.528214;0.135211;0.538674;0.0969097;0.529474;0.0911337;0.518117;0.0963079;0.543062;0.160077;0.546863;0.126072;0.533216;0.118342;0.517839;0.120679;0.552985;0.185064;0.549371;0.157867;0.536584;0.151225;0.524115;0.152159;0;0;0;0;0;0;0;0;0;0;0;0;0;0;0;0;0;0;0;0;0;0;0;0;0;0;0;0;0;0;0;0;0;0;0;0;0;0;0;0;0;0
0.46113;0.0946844;0;0;0;0;0;0;0;0;0;0;0;0;0;0;0;0;0;0;0;0;0;0;0;0;0;0;0;0;0;0;0;0;0;0;0;0;0;0;0;0;0;0
0.464833;0.0915761;0;0;0;0;0;0;0;0;0;0;0;0;0;0;0;0;0;0;0;0;0;0;0;0;0;0;0;0;0;0;0;0;0;0;0;0;0;0;0;0;0;0
0.464466;0.0924331;0.507352;0.25779;0.549832;0.207808;0.560688;0.148874;0.552275;0.111355;0.539775;0.0888717;0.520771;0.104881;0.511314;0.0610826;0.511837;0.0596893;0.511454;0.0803967;0.488497;0.108738;0.477451;0.0613487;0.478574;0.0677485;0.479133;0.0913166;0.464193;0.120311;0.457713;0.0901636;0.470898;0.120326;0.481693;0.149927;0.444544;0.135354;0.437838;0.112969;0.447709;0.134295;0.456105;0.154859
0.46068;0.0948663;0.292336;0.601508;0.347092;0.529339;0.358932;0.477852;0.366373;0.435099;0.374584;0.395425;0.332707;0.407245;0.360854;0.364797;0.384201;0.374998;0.395162;0.389677;0.315403;0.405937;0.355653;0.380773;0.383256;0.41925;0.391544;0.448585;0.305491;0.420046;0.354455;0.417577;0.373138;0.462556;0.372243;0.495983;0.298922;0.441837;0.342761;0.450943;0.357777;0.485068;0.357164;0.510961;0.514825;0.260029;0.561088;0.184298;0.574066;0.112041;0.560238;0.0664696;0.532875;0.0498731;0.518468;0.081662;0.503603;0.0373107;0.509302;0.0342805;0.51717;0.0549263;0.484818;0.0915094;0.467892;0.0444483;0.476852;0.0462196;0.487369;0.0748508;0.458811;0.111089;0.452892;0.0730458;0.476672;0.105804;0.495423;0.148095;0.436926;0.135721;0.429184;0.101835;0.445769;0.119347;0.460511;0.147391
0.462449;0.0897508;0.300984;0.599969;0.345958;0.553045;0.351939;0.509693;0.355024;0.471258;0.36215;0.435119;0.335538;0.42689;0.36488;0.399429;0.385385;0.419259;0.394275;0.438997;0.323429;0.417906;0.367023;0.39629;0.389662;0.433095;0.394892;0.458289;0.315978;0.422489;0.358232;0.410517;0.374822;0.456469;0.375463;0.486257;0.311662;0.43567;0.351025;0.433923;0.360519;0.471715;0.358176;0.497757;0.503038;0.274669;0.515853;0.199582;0.5133;0.140559;0.507012;0.0965544;0.500372;0.0621837;0.475648;0.139114;0.466086;0.0767341;0.483469;0.0716083;0.499054;0.0924658;0.474016;0.150947;0.478857;0.080468;0.496742;0.091495;0.503737;0.122104;0.478542;0.162082;0.486829;0.104165;0.499552;0.121774;0.504285;0.149751;0.484529;0.170134;0.494137;0.128325;0.501326;0.13714;0.502708;0.158981
0.463757;0.0925606;0.315048;0.555641;0.320729;0.593498;0.311601;0.588508;0.304407;0.57511;0.297806;0.565696;0.317502;0.49127;0.346719;0.498017;0.363972;0.508791;0.368283;0.514618;0.322487;0.45977;0.358219;0.455083;0.374447;0.472489;0.376931;0.478572;0.330544;0.437804;0.36121;0.424537;0.373039;0.4447;0.375986;0.452925;0.33619;0.425607;0.361964;0.419958;0.37047;0.437;0.373616;0.444854;0.504556;0.276755;0.482487;0.199188;0.474101;0.140807;0.474026;0.103703;0.478561;0.081983;0.456566;0.150803;0.456376;0.100024;0.470547;0.0940913;0.47895;0.107347;0.473579;0.170836;0.479364;0.110566;0.492178;0.106945;0.498757;0.123786;0.494281;0.191981;0.505078;0.141487;0.51029;0.14947;0.510029;0.168528;0.514239;0.207075;0.523035;0.1678;0.523952;0.166537;0.521767;0.1722
0.45985;0.0947328;0.488548;0.282398;0.4871;0.208945;0.485116;0.155349;0.492234;0.119974;0.500442;0.0937469;0.466413;0.164255;0.466595;0.127691;0.478169;0.124647;0.484288;0.129728;0.470052;0.187672;0.475623;0.149278;0.488309;0.146279;0.495629;0.149299;0.478137;0.210779;0.486302;0.173043;0.495425;0.169357;0.50185;0.174066;0.486738;0.23183;0.495663;0.204017;0.500245;0.192583;0.504512;0.186805
0.462501;0.0918492;0.485255;0.296779;0.492426;0.238869;0.490167;0.19685;0.492055;0.166889;0.496067;0.139928;0.468582;0.177145;0.468224;0.140874;0.47539;0.134086;0.480947;0.134692;0.464372;0.184214;0.464842;0.144538;0.473272;0.135732;0.480095;0.134664;0.464191;0.19478;0.46523;0.157217;0.473808;0.151196;0.481498;0.154195;0.466563;0.208703;0.468077;0.18;0.470696;0.166894;0.472913;0.161166;0;0;0;0;0;0;0;0;0;0;0;0;0;0;0;0;0;0;0;0;0;0;0;0;0;0;0;0;0;0;0;0;0;0;0;0;0;0;0;0;0;0
0.460277;0.11023;0;0;0;0;0;0;0;0;0;0;0;0;0;0;0;0;0;0;0;0;0;0;0;0;0;0;0;0;0;0;0;0;0;0;0;0;0;0;0;0;0;0
0.452529;0.10682;0.740447;0.850737;0.707117;0.867272;0.69051;0.899049;0.683034;0.92622;0.675451;0.948612;0.729271;0.943087;0.726484;0.968653;0.71306;0.979108;0.699007;0.979202;0.74506;0.944104;0.746837;0.969768;0.728844;0.962607;0.711655;0.952014;0.755921;0.936933;0.75659;0.950726;0.74109;0.938934;0.72756;0.92837;0.765808;0.923546;0.765134;0.934393;0.755467;0.929659;0.745777;0.925889
0.45261;0.117692;0.732425;0.87574;0.700247;0.88866;0.688407;0.896147;0.681181;0.900599;0.678159;0.904859;0.72002;0.93063;0.721382;0.934928;0.719081;0.930822;0.718732;0.921376;0.737159;0.92238;0.739951;0.924676;0.738506;0.919284;0.738639;0.914752;0.749595;0.908921;0.753614;0.906053;0.752921;0.897794;0.752452;0.894407;0.758582;0.892848;0.761748;0.885522;0.763009;0.876627;0.7629;0.87138;0.75888;0.843583;0.753385;0.788745;0.745265;0.759006;0.736458;0.738691;0.722627;0.716502;0.748953;0.820196;0.713529;0.823045;0.689386;0.810399;0.671525;0.802699;0.739926;0.858301;0.698642;0.860766;0.680916;0.848106;0.673655;0.839789;0.729912;0.886689;0.693229;0.88716;0.685119;0.866744;0.687616;0.853647;0.724073;0.905744;0.692962;0.898864;0.686943;0.877254;0.692228;0.862366
0.459715;0.132182;0.741222;0.861573;0.705911;0.848026;0.686687;0.842448;0.674271;0.843118;0.670503;0.843835;0.713493;0.902269;0.710072;0.899975;0.710631;0.883808;0.710735;0.868186;0.733296;0.906219;0.733182;0.904227;0.731721;0.887199;0.729827;0.872603;0.74953;0.903878;0.749821;0.900167;0.748884;0.884001;0.746672;0.871702;0.762805;0.894559;0.764942;0.89292;0.764372;0.881424;0.760844;0.868507;0.748061;0.83397;0.708933;0.829897;0.677169;0.815287;0.655889;0.794156;0.644428;0.774631;0.720971;0.81806;0.693447;0.775943;0.669931;0.748165;0.651501;0.729155;0.743343;0.831166;0.712832;0.797347;0.68589;0.778149;0.667592;0.769574;0.757608;0.840351;0.725194;0.819302;0.698081;0.798523;0.681535;0.783378;0.76679;0.847248;0.740944;0.83026;0.72225;0.812921;0.711684;0.801651
0.462902;0.153281;0.756173;0.865873;0.724649;0.87948;0.703032;0.862657;0.690816;0.824507;0.687862;0.790425;0.709526;0.82779;0.689634;0.783596;0.676213;0.748247;0.66502;0.717974;0.720779;0.801766;0.700394;0.755382;0.687104;0.721324;0.675026;0.696118;0.731018;0.788212;0.710266;0.745795;0.697369;0.718913;0.687387;0.695404;0.739089;0.783352;0.728376;0.749698;0.717025;0.730463;0.707834;0.713136
0.45807;0.175095;0.753113;0.862392;0.726385;0.874562;0.702673;0.851792;0.691976;0.813012;0.690437;0.78025;0.71721;0.823911;0.69665;0.781015;0.681599;0.74658;0.667611;0.715679;0.731345;0.803277;0.710334;0.760469;0.690994;0.727808;0.672162;0.698377;0.744178;0.790066;0.726838;0.748176;0.707605;0.720202;0.690006;0.69524;0.756017;0.784803;0.741292;0.751676;0.72441;0.730726;0.709213;0.712017;0.672622;0.629405;0.642902;0.612594;0.624309;0.595457;0.608212;0.574916;0.601924;0.554901;0.602031;0.571381;0.58945;0.515423;0.601611;0.509404;0.607117;0.520756;0.604209;0.551981;0.592128;0.494842;0.610549;0.491617;0.620371;0.504508;0.613241;0.538309;0.604472;0.488105;0.621329;0.489547;0.631421;0.506895;0.627056;0.527794;0.618214;0.489253;0.628209;0.493536;0.633594;0.507516
0.452816;0.183266;0.748366;0.864559;0.717978;0.858267;0.697715;0.834169;0.690867;0.803222;0.690872;0.779936;0.718539;0.832108;0.702198;0.789353;0.691009;0.752408;0.681499;0.719141;0.736119;0.815579;0.719707;0.771697;0.704008;0.734243;0.689623;0.702619;0.751121;0.803278;0.735679;0.756792;0.723826;0.728495;0.712699;0.706394;0.761661;0.796383;0.749451;0.755578;0.739839;0.736324;0.732127;0.722534;0.662989;0.629596;0.677565;0.588189;0.672775;0.55637;0.661026;0.538529;0.652902;0.526302;0.639489;0.527172;0.619345;0.495497;0.613483;0.476937;0.610284;0.462339;0.62661;0.544244;0.605942;0.510487;0.599061;0.492808;0.596014;0.476898;0.621158;0.5669;0.600743;0.538721;0.594513;0.523826;0.591959;0.507736;0.619825;0.594528;0.602634;0.578005;0.597786;0.566449;0.596408;0.553369
0.454185;0.182078;0.665483;0.62467;0.674922;0.582253;0.667027;0.542625;0.648988;0.515098;0.634597;0.498077;0.664651;0.530584;0.638271;0.48849;0.620781;0.462299;0.605238;0.439207;0.652469;0.544539;0.625425;0.498378;0.605842;0.466281;0.590359;0.437614;0.640431;0.563472;0.614903;0.517324;0.598948;0.48683;0.586737;0.46013;0.628992;0.585092;0.609952;0.549955;0.598661;0.527807;0.589929;0.508069
0.45239;0.18647;0.679238;0.596397;0.693719;0.551616;0.689325;0.505609;0.675505;0.471505;0.665055;0.451655;0.689121;0.497669;0.657752;0.441434;0.636135;0.410129;0.619963;0.38719;0.671802;0.516682;0.638302;0.454079;0.615782;0.413802;0.598861;0.381866;0.652304;0.53949;0.622267;0.478695;0.603694;0.439905;0.589272;0.410581;0.632517;0.561135;0.612094;0.51184;0.599266;0.48004;0.588754;0.453788
0.450549;0.190143;0.669556;0.568617;0.68368;0.524632;0.679379;0.484629;0.661866;0.456119;0.649039;0.441253;0.684547;0.471569;0.656496;0.420723;0.63506;0.391497;0.618933;0.369673;0.667425;0.488306;0.636319;0.430431;0.61403;0.39204;0.597638;0.360579;0.64766;0.507356;0.61847;0.451634;0.600183;0.416154;0.587034;0.388356;0.627549;0.525152;0.607105;0.478595;0.595105;0.449015;0.586056;0.423815
0.452865;0.189941;0.663368;0.538133;0.682918;0.500119;0.68071;0.464158;0.667574;0.436802;0.658521;0.423232;0.678804;0.445343;0.652464;0.398865;0.633229;0.372537;0.618719;0.35402;0.663244;0.458107;0.633974;0.405237;0.613504;0.371217;0.597886;0.345374;0.644792;0.475269;0.617112;0.42302;0.59925;0.391646;0.586025;0.367553;0.625294;0.493543;0.603966;0.450774;0.591486;0.426009;0.582208;0.40628;0.331626;0.506065;0.337251;0.464409;0.348;0.426818;0.355863;0.397029;0.362043;0.382966;0.368826;0.398345;0.383303;0.36084;0.377484;0.362552;0.371137;0.372979;0.366998;0.407477;0.380833;0.373673;0.374918;0.377358;0.370551;0.388392;0.363099;0.420769;0.371483;0.391511;0.367013;0.395354;0.365548;0.405223;0.357268;0.436001;0.360048;0.413591;0.357912;0.414588;0.357811;0.420834
0.458821;0.206985;0.658101;0.533803;0.668291;0.49145;0.664495;0.455827;0.65128;0.431549;0.638607;0.415614;0.670051;0.430785;0.642667;0.38689;0.625278;0.361916;0.612521;0.342912;0.655094;0.440678;0.62574;0.39097;0.606928;0.359815;0.592892;0.333876;0.63703;0.455852;0.608566;0.409553;0.592523;0.383693;0.581828;0.362573;0.61803;0.472688;0.596946;0.435655;0.585329;0.412842;0.576936;0.391029;0.329632;0.493762;0.321834;0.448204;0.327495;0.418554;0.340789;0.399097;0.353062;0.387756;0.3407;0.403126;0.360414;0.377535;0.368892;0.366625;0.374378;0.359983;0.353826;0.415368;0.374175;0.388984;0.380274;0.376187;0.382136;0.368346;0.3643;0.428784;0.381536;0.402238;0.385858;0.394087;0.387496;0.389174;0.371547;0.441371;0.385711;0.421124;0.390164;0.409977;0.392448;0.401939
0.457632;0.202192;0.652332;0.526;0.664126;0.477482;0.660201;0.438877;0.647134;0.410163;0.635101;0.391096;0.664169;0.416741;0.636823;0.371109;0.619428;0.348075;0.605819;0.330668;0.647507;0.426958;0.617824;0.378654;0.599387;0.352236;0.585896;0.332536;0.628833;0.442397;0.601015;0.39688;0.586575;0.373487;0.577226;0.355177;0.61078;0.460049;0.590608;0.423703;0.580351;0.402678;0.572839;0.381951;0.330499;0.490505;0.323984;0.473699;0.33003;0.456508;0.342061;0.446984;0.351452;0.441686;0.320686;0.419437;0.340358;0.385915;0.35772;0.36823;0.373209;0.355401;0.331161;0.423097;0.354976;0.385358;0.374945;0.364465;0.39132;0.347637;0.342698;0.429739;0.364917;0.395631;0.382962;0.378102;0.397581;0.364678;0.355011;0.437891;0.375982;0.411255;0.390208;0.397623;0.401799;0.387897
0.460247;0.206829;0.649127;0.520627;0.660583;0.471892;0.655111;0.433148;0.640874;0.408274;0.62865;0.393612;0.660438;0.403488;0.631809;0.361165;0.614547;0.341403;0.601166;0.327108;0.643189;0.413754;0.61326;0.367113;0.595943;0.345327;0.583948;0.329724;0.623902;0.428784;0.596545;0.385125;0.584516;0.365822;0.577283;0.351287;0.605543;0.446419;0.587173;0.410452;0.578904;0.392327;0.57312;0.375601;0.335824;0.486912;0.323825;0.447429;0.32443;0.414826;0.335326;0.394643;0.349041;0.387103;0.321109;0.402816;0.332942;0.372577;0.351605;0.355444;0.368917;0.342816;0.334216;0.414508;0.353104;0.378483;0.37367;0.355392;0.390325;0.335547;0.348065;0.427299;0.366283;0.390393;0.384586;0.366483;0.400168;0.34743;0.362551;0.440648;0.380264;0.410089;0.394584;0.394479;0.407138;0.38049
0.460383;0.213499;0.646695;0.517923;0.660212;0.468987;0.656696;0.42839;0.645236;0.401328;0.633247;0.386395;0.657178;0.398459;0.629776;0.352193;0.612189;0.334422;0.599836;0.323924;0.639892;0.408306;0.609681;0.359514;0.592797;0.340015;0.582132;0.327873;0.621079;0.424332;0.593648;0.378562;0.58144;0.360045;0.574455;0.347695;0.603256;0.443354;0.584041;0.405515;0.575653;0.387183;0.570067;0.371296;0.336365;0.483384;0.323191;0.444737;0.322898;0.411029;0.334143;0.387476;0.350448;0.380023;0.321147;0.39122;0.340734;0.359944;0.35984;0.346076;0.376935;0.33478;0.334254;0.403539;0.359222;0.369118;0.379295;0.349903;0.395041;0.332973;0.348447;0.418631;0.370737;0.384316;0.387988;0.364217;0.401762;0.3476;0.363083;0.435288;0.380949;0.40455;0.393209;0.390574;0.403842;0.377776
0.454242;0.210392;0.643655;0.518787;0.656163;0.468628;0.651527;0.427772;0.637396;0.401166;0.623146;0.387207;0.654319;0.39394;0.623742;0.349233;0.606038;0.332965;0.594218;0.323971;0.636352;0.405318;0.605702;0.354987;0.589524;0.338215;0.57974;0.330057;0.617641;0.421745;0.590846;0.375249;0.580853;0.359438;0.575479;0.349919;0.599784;0.440192;0.582271;0.402433;0.576034;0.385349;0.572017;0.370953;0.335524;0.483623;0.321223;0.444909;0.320332;0.408478;0.331514;0.383827;0.346663;0.374756;0.324266;0.382331;0.348869;0.352807;0.368006;0.342884;0.384027;0.334881;0.337778;0.39474;0.365253;0.362358;0.384662;0.346882;0.39923;0.333881;0.352051;0.411166;0.37595;0.378192;0.392922;0.361311;0.405893;0.348544;0.367073;0.429203;0.384108;0.399718;0.394654;0.386052;0.402672;0.37472
0.455412;0.21493;0.641683;0.518555;0.655776;0.468452;0.652018;0.42687;0.639107;0.399012;0.625034;0.38502;0.652327;0.392861;0.621971;0.346488;0.603998;0.331101;0.592781;0.323098;0.63498;0.403411;0.603594;0.350803;0.586896;0.336117;0.577655;0.330117;0.616586;0.419429;0.588787;0.370877;0.578011;0.356614;0.572876;0.348663;0.599018;0.437693;0.580847;0.399106;0.57445;0.383291;0.57146;0.370684;0.331737;0.486127;0.31911;0.441251;0.321338;0.401842;0.336677;0.37297;0.354734;0.36177;0.322367;0.376729;0.354482;0.347056;0.375746;0.339325;0.390557;0.336231;0.336328;0.388925;0.37202;0.357909;0.391801;0.345799;0.404148;0.336258;0.351941;0.406181;0.382407;0.374737;0.399956;0.361427;0.410652;0.353572;0.368185;0.424546;0.389295;0.395194;0.400758;0.383488;0.408252;0.375385
0.457611;0.222926;0.642778;0.520962;0.655606;0.470139;0.6506;0.427014;0.636498;0.400069;0.622446;0.386136;0.651511;0.389001;0.617596;0.34556;0.599811;0.332708;0.589346;0.325503;0.634231;0.401678;0.600944;0.35019;0.584688;0.336883;0.575824;0.331428;0.616139;0.419415;0.586259;0.370692;0.576019;0.356995;0.571287;0.349877;0.598707;0.438753;0.578327;0.398771;0.571789;0.38249;0.568656;0.36995;0.330647;0.49039;0.319051;0.442837;0.32213;0.402122;0.337887;0.373756;0.35564;0.362045;0.323499;0.373954;0.360582;0.346336;0.380851;0.339394;0.393313;0.335633;0.337937;0.386273;0.376924;0.356854;0.395061;0.34647;0.404757;0.337913;0.354222;0.40465;0.387792;0.374016;0.403363;0.362718;0.411496;0.355211;0.370442;0.425237;0.393505;0.395568;0.40402;0.382878;0.410076;0.372793
0.455729;0.225777;0.646506;0.52296;0.659573;0.471086;0.656668;0.428478;0.645161;0.4019;0.632423;0.387896;0.653758;0.392654;0.618584;0.3453;0.600097;0.330078;0.589042;0.322467;0.636205;0.406318;0.600832;0.351128;0.583871;0.336761;0.574835;0.331515;0.617621;0.42493;0.586305;0.373019;0.575471;0.358096;0.570399;0.351441;0.600142;0.444732;0.577905;0.401226;0.571099;0.383167;0.568244;0.370392;0.330221;0.495715;0.318257;0.445307;0.321869;0.40441;0.337681;0.375554;0.352678;0.362321;0.320697;0.376375;0.358608;0.348817;0.381229;0.341132;0.395631;0.337168;0.334272;0.388181;0.37464;0.359215;0.394902;0.348199;0.406493;0.339942;0.350164;0.406654;0.384896;0.378313;0.402654;0.365874;0.41242;0.356893;0.366045;0.427355;0.390328;0.399051;0.4022;0.385712;0.409724;0.374605
0.455735;0.228082;0.647519;0.532686;0.658642;0.47919;0.653603;0.438237;0.638621;0.411433;0.623289;0.397737;0.66108;0.39855;0.620735;0.358529;0.600797;0.341092;0.588604;0.329938;0.643522;0.411353;0.606978;0.359238;0.58758;0.339221;0.575066;0.329505;0.624287;0.428415;0.593312;0.378576;0.579508;0.358994;0.571251;0.349224;0.606018;0.44686;0.585727;0.405791;0.57721;0.385414;0.572249;0.370717;0.324372;0.503451;0.314914;0.452811;0.319827;0.410838;0.336228;0.381577;0.352719;0.367264;0.318008;0.38087;0.356504;0.352281;0.380365;0.342922;0.396586;0.338396;0.330506;0.392314;0.371536;0.360402;0.394071;0.347379;0.408861;0.33918;0.34591;0.411334;0.381896;0.380712;0.402062;0.366045;0.415184;0.35717;0.36251;0.433328;0.389039;0.404208;0.402863;0.388981;0.413054;0.376752
0.455627;0.237087;0.644207;0.543036;0.635696;0.489306;0.628852;0.443321;0.615681;0.415062;0.60245;0.398877;0.662438;0.402648;0.625952;0.371203;0.603974;0.354774;0.587972;0.338438;0.654979;0.408387;0.61673;0.368311;0.59279;0.346395;0.572785;0.325484;0.641457;0.420211;0.607243;0.38046;0.587294;0.355923;0.570189;0.335243;0.625548;0.435519;0.603284;0.404448;0.588355;0.384814;0.573082;0.366099;0.32209;0.509115;0.324047;0.458786;0.33235;0.414553;0.348496;0.385713;0.365493;0.367718;0.314131;0.384071;0.354349;0.356109;0.379384;0.343415;0.398047;0.335476;0.321553;0.394818;0.366942;0.362066;0.39421;0.347789;0.414345;0.337313;0.334345;0.411539;0.376717;0.38066;0.401951;0.365657;0.420366;0.35469;0.350144;0.430042;0.383993;0.402438;0.400361;0.390978;0.412709;0.380797
0.453833;0.243132;0.643324;0.55643;0.614675;0.498751;0.610696;0.4431;0.609817;0.40841;0.606941;0.384241;0.660108;0.409722;0.627588;0.379493;0.602741;0.359975;0.582902;0.340352;0.668612;0.416679;0.624875;0.380282;0.599308;0.362013;0.576091;0.341824;0.670222;0.431758;0.62661;0.40357;0.609298;0.401315;0.595513;0.397486;0.665781;0.451928;0.636547;0.424502;0.621063;0.419623;0.607917;0.414804;0.32144;0.531135;0.333159;0.481253;0.340161;0.435383;0.350608;0.401486;0.364242;0.37705;0.302559;0.402126;0.350155;0.372218;0.377818;0.360615;0.398953;0.351742;0.305299;0.412364;0.359594;0.379023;0.388616;0.362497;0.410214;0.350492;0.315344;0.427022;0.362144;0.39271;0.38963;0.374985;0.410225;0.364378;0.329448;0.444799;0.361704;0.407923;0.381324;0.394948;0.397499;0.385376
0.451554;0.241144;0.647359;0.563953;0.622454;0.494275;0.6213;0.436178;0.619157;0.399211;0.615927;0.372046;0.674661;0.408991;0.638791;0.378838;0.615422;0.359267;0.597361;0.338218;0.683198;0.418947;0.636404;0.38128;0.611109;0.363376;0.589592;0.342952;0.682262;0.438229;0.636694;0.404907;0.617899;0.394668;0.603513;0.380913;0.674227;0.461403;0.645877;0.431426;0.63026;0.415658;0.616388;0.39928;0.324995;0.551301;0.348089;0.495014;0.356271;0.444711;0.362516;0.410018;0.371779;0.382932;0.296438;0.414536;0.325933;0.385532;0.348443;0.372716;0.367019;0.364838;0.28463;0.430258;0.320012;0.392777;0.347306;0.377709;0.371229;0.366944;0.280806;0.451871;0.310087;0.414899;0.335977;0.397365;0.360185;0.385124;0.28338;0.476374;0.303312;0.446663;0.321053;0.435269;0.33751;0.427168
0.44775;0.241985;0.650504;0.575624;0.627854;0.500044;0.627655;0.44152;0.626649;0.404424;0.620957;0.37531;0.680564;0.412699;0.64322;0.377269;0.621552;0.354481;0.604337;0.330405;0.690332;0.426238;0.640602;0.383931;0.616549;0.363813;0.59467;0.340125;0.690243;0.447607;0.640321;0.414814;0.622216;0.413126;0.608184;0.406367;0.684161;0.471134;0.655701;0.437119;0.639793;0.420666;0.62551;0.403283;0.3165;0.573311;0.340322;0.508148;0.344565;0.451771;0.349088;0.413054;0.358075;0.380877;0.277903;0.428056;0.312971;0.39016;0.339813;0.369001;0.362043;0.354759;0.268971;0.446279;0.311263;0.397528;0.341144;0.37888;0.365929;0.367277;0.271058;0.469774;0.307419;0.424032;0.335027;0.403216;0.359652;0.389475;0.27995;0.492776;0.305114;0.456357;0.324489;0.440792;0.341954;0.428895
0.444608;0.246539;0.653028;0.586173;0.630175;0.500301;0.629806;0.440873;0.628465;0.405378;0.622645;0.375261;0.682305;0.408872;0.64612;0.371405;0.624108;0.349094;0.607502;0.326744;0.690558;0.423696;0.645287;0.376491;0.621006;0.355935;0.598658;0.335399;0.688792;0.445059;0.642691;0.40413;0.62288;0.392029;0.606968;0.378034;0.681554;0.467618;0.652263;0.431739;0.637192;0.416229;0.624306;0.399895;0.311404;0.590017;0.334188;0.506657;0.338631;0.445985;0.342697;0.403372;0.352344;0.36895;0.267483;0.433242;0.302966;0.390733;0.330366;0.366257;0.35339;0.348197;0.261443;0.453066;0.309026;0.400683;0.338447;0.379803;0.361127;0.364517;0.267989;0.474561;0.310559;0.424104;0.337671;0.40173;0.360404;0.384931;0.281527;0.494702;0.310712;0.449887;0.328902;0.434046;0.344128;0.423183
0.443462;0.239942;0.653824;0.590511;0.627245;0.490737;0.627027;0.425859;0.624375;0.386306;0.620468;0.352885;0.682481;0.403831;0.644214;0.367034;0.622097;0.347263;0.605832;0.327419;0.688744;0.419731;0.644602;0.374928;0.623372;0.360389;0.604711;0.348942;0.683674;0.440782;0.640794;0.401722;0.625543;0.398808;0.614845;0.395826;0.672022;0.462277;0.642626;0.429041;0.63289;0.426482;0.625997;0.425751;0.312525;0.598723;0.329944;0.505935;0.333134;0.44484;0.339201;0.404257;0.350435;0.373618;0.261927;0.436935;0.297501;0.389869;0.325223;0.363026;0.348097;0.344888;0.260801;0.455562;0.306571;0.397673;0.33544;0.372309;0.358314;0.354171;0.271205;0.474718;0.311965;0.416667;0.336874;0.387683;0.359286;0.366797;0.288909;0.493018;0.317988;0.442159;0.334043;0.420452;0.349544;0.404586
0.448187;0.243675;0.652542;0.596952;0.62349;0.496124;0.62536;0.433359;0.622785;0.394521;0.620735;0.363479;0.673098;0.409041;0.643232;0.37245;0.621346;0.349237;0.60235;0.326182;0.678866;0.422641;0.642077;0.374143;0.616116;0.345573;0.590041;0.32135;0.674441;0.443372;0.64073;0.400207;0.617136;0.377645;0.59574;0.358892;0.663451;0.467048;0.641125;0.433819;0.625884;0.415168;0.611466;0.3979;0.311927;0.605449;0.32697;0.511017;0.327624;0.451164;0.333378;0.410169;0.343998;0.379502;0.264693;0.429874;0.305025;0.381065;0.333826;0.359029;0.355655;0.345499;0.263004;0.447231;0.312239;0.388463;0.341036;0.366906;0.362913;0.351557;0.274803;0.466341;0.317968;0.408671;0.341585;0.38224;0.360316;0.36454;0.295601;0.484354;0.320521;0.434286;0.334014;0.410562;0.348258;0.393939
0.442902;0.240569;0.653112;0.596173;0.633956;0.508964;0.630593;0.450788;0.622717;0.408597;0.612959;0.380659;0.668419;0.410897;0.633802;0.370048;0.613448;0.3442;0.596534;0.319722;0.667354;0.41623;0.632193;0.361976;0.609004;0.332758;0.587487;0.308169;0.657412;0.431522;0.624251;0.377121;0.604335;0.349284;0.586978;0.325327;0.643005;0.451082;0.61845;0.409636;0.602777;0.383334;0.587088;0.357144;0.304993;0.615256;0.326252;0.522007;0.330685;0.463457;0.339077;0.422865;0.351547;0.390338;0.270244;0.421897;0.310699;0.373028;0.339508;0.354091;0.360237;0.344721;0.266977;0.437235;0.315432;0.380337;0.345412;0.361214;0.366103;0.350499;0.278362;0.458195;0.32122;0.402202;0.346923;0.376747;0.365368;0.362493;0.298705;0.479893;0.321705;0.431144;0.337615;0.405686;0.353154;0.388031
0.44636;0.232019;0.65164;0.590809;0.633449;0.500017;0.627731;0.441694;0.616023;0.402936;0.607211;0.376517;0.666046;0.39821;0.629917;0.359363;0.610009;0.340229;0.59503;0.32346;0.662887;0.404774;0.625374;0.353795;0.603612;0.331994;0.585824;0.314116;0.650813;0.420248;0.615845;0.369256;0.598536;0.348066;0.584338;0.331042;0.635169;0.439576;0.609495;0.399146;0.596211;0.378628;0.583439;0.360593;0.299538;0.627583;0.315356;0.538894;0.320433;0.487674;0.325222;0.452675;0.335632;0.420489;0.280534;0.425545;0.308667;0.375949;0.336621;0.354772;0.357143;0.344765;0.277825;0.435372;0.317243;0.378116;0.347676;0.359442;0.368933;0.355073;0.287275;0.456008;0.326062;0.403895;0.351994;0.379777;0.371571;0.37143;0.302079;0.479949;0.327059;0.434171;0.344619;0.409867;0.360611;0.395199
0.445501;0.228831;0.651267;0.58826;0.63157;0.495678;0.626877;0.437717;0.615192;0.398308;0.606704;0.370546;0.6601;0.394238;0.626425;0.352647;0.60494;0.334923;0.589388;0.320224;0.657644;0.402399;0.62119;0.347621;0.597632;0.326768;0.578526;0.312934;0.646048;0.41879;0.610774;0.362666;0.591973;0.344356;0.57715;0.333993;0.631085;0.439231;0.604956;0.395709;0.590512;0.375882;0.57734;0.361541;0.304334;0.627877;0.317974;0.544129;0.318372;0.49611;0.321621;0.460289;0.334561;0.428007;0.286458;0.432514;0.308585;0.372608;0.336697;0.349288;0.356367;0.340678;0.284801;0.440791;0.317142;0.372075;0.350439;0.354887;0.371387;0.355532;0.293608;0.457665;0.324285;0.394361;0.354607;0.369298;0.375899;0.364142;0.307066;0.478041;0.327987;0.424498;0.348021;0.39914;0.362768;0.388906
0.451197;0.225114;0.658172;0.586972;0.643793;0.499918;0.632592;0.445596;0.614668;0.408621;0.600608;0.381326;0.658012;0.391441;0.620628;0.347542;0.598622;0.334084;0.583918;0.32404;0.649604;0.402665;0.61147;0.345648;0.588793;0.331172;0.571807;0.32226;0.634089;0.421223;0.598716;0.364947;0.582512;0.35212;0.571109;0.345805;0.616853;0.443035;0.593713;0.398667;0.582828;0.380772;0.573294;0.368493;0.303058;0.634295;0.317837;0.543745;0.320831;0.491083;0.326501;0.451415;0.340455;0.418944;0.289406;0.431167;0.312204;0.370344;0.339867;0.349487;0.358502;0.343791;0.286616;0.441338;0.320354;0.37201;0.353471;0.353848;0.374411;0.353015;0.294519;0.460639;0.325607;0.398944;0.355875;0.374034;0.377071;0.367864;0.307467;0.48324;0.329627;0.432718;0.349145;0.408211;0.362755;0.398418
0.448077;0.228285;0.658243;0.580397;0.651666;0.498234;0.639392;0.448005;0.620088;0.413849;0.604399;0.389581;0.656557;0.387449;0.619215;0.344562;0.596022;0.334188;0.581004;0.329456;0.644533;0.400123;0.607269;0.346304;0.583726;0.334357;0.567552;0.32926;0.627032;0.420873;0.592934;0.370539;0.577875;0.360474;0.569299;0.356989;0.607958;0.444658;0.586182;0.406938;0.576424;0.390307;0.569257;0.379336;0.295655;0.644934;0.318095;0.545069;0.323764;0.488465;0.330813;0.445672;0.344921;0.410554;0.29304;0.432552;0.31388;0.37278;0.341785;0.353876;0.35988;0.350144;0.289022;0.44579;0.318691;0.373165;0.352153;0.354402;0.372851;0.354916;0.294502;0.470021;0.322582;0.403206;0.352422;0.376673;0.371877;0.370566;0.305398;0.499038;0.325571;0.447254;0.344126;0.420737;0.357114;0.409861
0.448855;0.229957;0.658921;0.572495;0.65244;0.489817;0.640389;0.440487;0.621427;0.408658;0.604683;0.388872;0.659622;0.382393;0.618705;0.344092;0.593533;0.338047;0.578115;0.334962;0.64534;0.399817;0.605295;0.346508;0.580071;0.336819;0.564127;0.33358;0.626299;0.421708;0.590437;0.369267;0.573866;0.35761;0.564803;0.352706;0.605914;0.444925;0.582763;0.40407;0.572808;0.384583;0.565992;0.369796;0.291902;0.6558;0.319964;0.555734;0.326563;0.49793;0.333857;0.454055;0.347174;0.416338;0.291116;0.43848;0.313125;0.376091;0.340527;0.354229;0.359053;0.34853;0.286562;0.450266;0.314489;0.375612;0.348936;0.352743;0.372184;0.347536;0.291823;0.475582;0.318153;0.408816;0.349526;0.379939;0.371301;0.370189;0.302235;0.507652;0.318557;0.454586;0.338343;0.42552;0.354122;0.410868
0.452908;0.233753;0.658773;0.569129;0.649419;0.487467;0.635579;0.436552;0.616926;0.40488;0.600754;0.384691;0.660124;0.382492;0.614191;0.346132;0.589499;0.338752;0.573801;0.3337;0.648806;0.401334;0.6067;0.348734;0.580359;0.332794;0.562186;0.324043;0.631453;0.425237;0.594087;0.371812;0.57437;0.352831;0.561235;0.341905;0.612351;0.450979;0.588111;0.40742;0.576386;0.384923;0.566694;0.367735;0.291086;0.669271;0.317923;0.574817;0.324019;0.520617;0.331299;0.478595;0.344516;0.442006;0.292887;0.44867;0.310157;0.384664;0.335673;0.360364;0.353915;0.35021;0.287284;0.459608;0.312501;0.378993;0.346314;0.355602;0.368656;0.349641;0.290759;0.483646;0.314778;0.411112;0.345889;0.382483;0.367375;0.373098;0.300598;0.514684;0.317048;0.45688;0.337661;0.428842;0.353652;0.416742
0.453377;0.240565;0.650646;0.575353;0.611353;0.49628;0.601924;0.437973;0.593853;0.402912;0.589361;0.377575;0.654679;0.390068;0.614441;0.358227;0.587327;0.344544;0.56716;0.334374;0.658543;0.401592;0.607673;0.358481;0.5779;0.342527;0.555699;0.33333;0.652226;0.422461;0.604521;0.381895;0.578431;0.363131;0.558563;0.350277;0.639289;0.448044;0.606688;0.416861;0.58866;0.39904;0.574218;0.384051;0.28891;0.668352;0.32296;0.560979;0.333409;0.50248;0.341883;0.459787;0.357697;0.419215;0.281959;0.436873;0.301691;0.374216;0.330846;0.354579;0.35113;0.35219;0.277233;0.448702;0.304828;0.373871;0.342784;0.35559;0.366227;0.355833;0.281376;0.471113;0.307865;0.402401;0.343578;0.378052;0.365324;0.375195;0.293189;0.497726;0.307411;0.439914;0.330009;0.410999;0.346036;0.399
0.447782;0.241935;0.640055;0.580092;0.607026;0.48864;0.60154;0.428456;0.596814;0.386594;0.590976;0.350234;0.65281;0.392359;0.613694;0.36036;0.589528;0.353931;0.574475;0.346741;0.662976;0.408044;0.610079;0.383309;0.597049;0.401652;0.593105;0.412546;0.664912;0.431343;0.612938;0.41469;0.602059;0.434394;0.599359;0.44559;0.659384;0.457848;0.628241;0.431479;0.614336;0.430155;0.604893;0.431453;0.298241;0.671405;0.327773;0.563215;0.331317;0.503;0.336273;0.45567;0.349931;0.407875;0.278543;0.439129;0.296843;0.370957;0.326218;0.351878;0.345867;0.348784;0.274095;0.451774;0.30167;0.374313;0.339711;0.358857;0.362589;0.361529;0.279723;0.473514;0.305998;0.400403;0.34185;0.378636;0.36445;0.37982;0.292581;0.497642;0.303879;0.437197;0.32639;0.409497;0.344624;0.398359
0.444997;0.248921;0.634535;0.591091;0.607602;0.507792;0.60368;0.446668;0.603067;0.402489;0.597506;0.360627;0.656282;0.413744;0.629988;0.379662;0.608607;0.361894;0.591614;0.344414;0.66924;0.423476;0.630528;0.385743;0.605218;0.369859;0.582985;0.355768;0.673366;0.443597;0.63357;0.411427;0.609978;0.403174;0.59028;0.397259;0.670806;0.469721;0.646808;0.437238;0.629886;0.418518;0.613378;0.402988;0.298277;0.684826;0.32366;0.566149;0.320724;0.494865;0.317436;0.439832;0.322266;0.385032;0.268099;0.440894;0.292735;0.385063;0.322665;0.38464;0.333823;0.39344;0.258017;0.460503;0.289292;0.397735;0.323757;0.395622;0.33695;0.407279;0.2613;0.488001;0.291318;0.425797;0.321406;0.420364;0.332008;0.434566;0.27368;0.516779;0.288342;0.464045;0.307946;0.449987;0.318037;0.452468
0.448961;0.249008;0.636688;0.599245;0.612093;0.518755;0.609563;0.454032;0.608863;0.408951;0.600502;0.367009;0.661308;0.426802;0.63477;0.387526;0.614159;0.365582;0.597409;0.342925;0.673088;0.43611;0.637116;0.387672;0.612157;0.364897;0.588918;0.343033;0.676549;0.454712;0.640714;0.406779;0.617273;0.383933;0.596119;0.36515;0.67402;0.478807;0.651812;0.441256;0.634974;0.417438;0.618499;0.395791;0.287836;0.698755;0.31429;0.581226;0.313444;0.507922;0.310491;0.450012;0.318228;0.389617;0.269238;0.461024;0.276494;0.401738;0.295783;0.373468;0.307458;0.360862;0.261031;0.478466;0.273206;0.408685;0.297843;0.383198;0.313938;0.374477;0.266102;0.505662;0.279659;0.439522;0.30177;0.412199;0.314238;0.401695;0.279495;0.534167;0.285623;0.483472;0.297041;0.453266;0.304417;0.432155
0.449442;0.24996;0.637085;0.60269;0.611767;0.516892;0.6111;0.450129;0.60974;0.405301;0.60114;0.361885;0.662959;0.428389;0.635902;0.386988;0.615327;0.362678;0.598623;0.34004;0.67504;0.439049;0.637477;0.388575;0.611934;0.363255;0.588008;0.340449;0.677854;0.458754;0.641484;0.407548;0.617105;0.381256;0.594301;0.360294;0.67453;0.483297;0.653649;0.44286;0.637172;0.416916;0.619899;0.393579;0.297529;0.701067;0.312813;0.596672;0.311341;0.526743;0.306135;0.468411;0.310844;0.413618;0.283162;0.472342;0.279749;0.408536;0.295261;0.373571;0.306943;0.349302;0.275244;0.485315;0.271843;0.414574;0.290097;0.381938;0.305001;0.363436;0.275814;0.507683;0.275504;0.443509;0.291845;0.412215;0.304517;0.395124;0.282863;0.533877;0.281124;0.479565;0.289635;0.445973;0.297279;0.42243
0.446089;0.247517;0.63741;0.605694;0.609875;0.514108;0.609688;0.446677;0.609287;0.401987;0.601287;0.359234;0.666713;0.430188;0.637173;0.385696;0.615313;0.359935;0.598166;0.335352;0.677723;0.441597;0.638476;0.385698;0.611032;0.359762;0.586361;0.335295;0.677946;0.45978;0.638916;0.405484;0.613489;0.379637;0.591435;0.358079;0.671319;0.48093;0.647866;0.439505;0.630121;0.414307;0.613514;0.391704;0.295742;0.700173;0.311171;0.594322;0.310314;0.526691;0.307169;0.475386;0.311858;0.425914;0.283681;0.470039;0.282562;0.406392;0.297033;0.372605;0.308961;0.350199;0.277957;0.484904;0.277764;0.41079;0.295074;0.381151;0.310448;0.363685;0.279444;0.508529;0.281401;0.43915;0.298034;0.407975;0.311679;0.390235;0.287268;0.53503;0.284773;0.477094;0.291926;0.442435;0.300619;0.417318
0.443286;0.243193;0.636142;0.605835;0.610971;0.508302;0.60923;0.443359;0.605614;0.400932;0.596835;0.360242;0.663396;0.421115;0.634153;0.380458;0.611441;0.354141;0.591577;0.328328;0.671824;0.431595;0.632594;0.378896;0.604843;0.353069;0.578498;0.328019;0.670565;0.450006;0.631332;0.39588;0.604981;0.368334;0.581349;0.344911;0.664473;0.471259;0.640966;0.42747;0.623546;0.40102;0.606784;0.377135;0.295845;0.698028;0.312428;0.588268;0.315377;0.519657;0.312854;0.468993;0.318361;0.420291;0.289819;0.460067;0.291759;0.403575;0.30633;0.373493;0.316577;0.353913;0.282247;0.476969;0.286367;0.41121;0.304303;0.386222;0.31858;0.372089;0.281824;0.503995;0.287783;0.441441;0.304331;0.414998;0.315814;0.400532;0.287941;0.534423;0.289552;0.482071;0.298434;0.449974;0.306317;0.427269
0.442829;0.238772;0.636939;0.603515;0.61241;0.502958;0.609821;0.443428;0.606408;0.406622;0.599399;0.371307;0.658903;0.411559;0.630246;0.36972;0.607045;0.344008;0.588136;0.319791;0.665334;0.42131;0.62603;0.367832;0.598966;0.34411;0.575253;0.323024;0.66265;0.438723;0.622329;0.384364;0.596935;0.36781;0.576304;0.354927;0.65626;0.459514;0.630242;0.41412;0.611786;0.398104;0.595592;0.385747;0.299262;0.687142;0.320523;0.574289;0.320395;0.508894;0.317287;0.463205;0.321555;0.416104;0.291733;0.449344;0.295968;0.387862;0.315809;0.368887;0.330093;0.361344;0.284218;0.465912;0.295138;0.396129;0.321987;0.384715;0.341046;0.382783;0.282662;0.490307;0.294648;0.422528;0.317623;0.406389;0.332546;0.406726;0.286414;0.518362;0.291952;0.461281;0.305084;0.438345;0.316621;0.431179
0.442865;0.231609;0.637117;0.601631;0.611643;0.494237;0.60914;0.433668;0.605029;0.395576;0.598938;0.360975;0.652583;0.403834;0.623013;0.365438;0.601835;0.340974;0.585244;0.317175;0.657353;0.415225;0.621819;0.364101;0.598039;0.340232;0.576803;0.321549;0.653824;0.434794;0.618851;0.385191;0.597404;0.373356;0.580292;0.365134;0.645885;0.457265;0.620579;0.415183;0.604739;0.401166;0.591516;0.391247;0.299077;0.68953;0.324242;0.585031;0.325583;0.522635;0.324664;0.476232;0.332371;0.429213;0.285635;0.456313;0.301202;0.387517;0.321324;0.359124;0.335035;0.346165;0.281419;0.468701;0.304107;0.38546;0.33299;0.362132;0.351227;0.352304;0.28497;0.489359;0.304086;0.409645;0.330833;0.379807;0.346668;0.369664;0.294033;0.513333;0.300685;0.452737;0.316579;0.419019;0.328257;0.397689
0.446672;0.227842;0.646116;0.60696;0.617501;0.511244;0.611791;0.450712;0.605711;0.411502;0.599141;0.382525;0.652166;0.406863;0.619264;0.368704;0.598881;0.341278;0.582412;0.316231;0.654143;0.414881;0.618922;0.360766;0.594607;0.32936;0.571589;0.304975;0.647553;0.432629;0.612892;0.379854;0.591795;0.353516;0.573507;0.332902;0.637;0.455489;0.610717;0.414222;0.595356;0.391978;0.580207;0.37285;0.29709;0.690582;0.326078;0.587957;0.326816;0.527674;0.323607;0.483009;0.326329;0.44422;0.296834;0.44929;0.312835;0.385222;0.330751;0.367731;0.33999;0.361374;0.291734;0.45959;0.313781;0.383047;0.337499;0.372706;0.351753;0.371731;0.292056;0.477878;0.310901;0.404308;0.332371;0.393353;0.3456;0.399579;0.294896;0.502068;0.303739;0.442645;0.317168;0.430194;0.327339;0.433731
0.450952;0.2255;0.649068;0.599906;0.625682;0.508986;0.620975;0.451709;0.61102;0.41179;0.603747;0.38278;0.65352;0.39917;0.620891;0.357071;0.599191;0.332082;0.582268;0.310615;0.650148;0.404771;0.615144;0.347613;0.590621;0.319099;0.569704;0.297508;0.639552;0.419899;0.605325;0.363422;0.586541;0.336089;0.570372;0.316059;0.625984;0.439136;0.600288;0.39406;0.58587;0.36915;0.571678;0.348423;0.296858;0.702063;0.317965;0.602585;0.322854;0.539639;0.325881;0.497106;0.33482;0.46288;0.292299;0.460124;0.300973;0.391683;0.318639;0.36188;0.333831;0.342811;0.291225;0.47483;0.300854;0.384905;0.325113;0.351557;0.344073;0.332355;0.29629;0.498151;0.302597;0.41481;0.325764;0.376139;0.342301;0.35789;0.305493;0.529843;0.305905;0.464533;0.319555;0.426986;0.331327;0.402597
0.459221;0.224372;0.658826;0.594195;0.637946;0.507689;0.629556;0.453425;0.615499;0.415632;0.602209;0.38857;0.657542;0.39785;0.624258;0.350502;0.599715;0.330122;0.58329;0.315824;0.648846;0.407229;0.615325;0.345267;0.589399;0.319852;0.567238;0.303788;0.632723;0.424814;0.601305;0.365811;0.580203;0.341265;0.561855;0.323555;0.613435;0.447339;0.592347;0.402356;0.577508;0.37427;0.561769;0.349037;0.291794;0.716025;0.321967;0.61439;0.32767;0.550742;0.333284;0.507268;0.339419;0.467353;0.289968;0.471289;0.295303;0.393666;0.319229;0.363506;0.338721;0.353679;0.287908;0.490071;0.29226;0.389875;0.324353;0.355998;0.346814;0.345899;0.293933;0.519453;0.298462;0.42901;0.327436;0.387115;0.346579;0.370632;0.305707;0.556757;0.308918;0.488158;0.327192;0.449097;0.341211;0.427598
0.459567;0.225527;0.660507;0.578874;0.650376;0.493811;0.638566;0.441645;0.620649;0.406672;0.603903;0.384364;0.657142;0.388363;0.622665;0.336825;0.598039;0.318099;0.581931;0.305768;0.644266;0.403999;0.609228;0.340871;0.582704;0.316433;0.563038;0.300589;0.626736;0.425748;0.595054;0.365774;0.575496;0.33896;0.560992;0.320718;0.607078;0.452258;0.585918;0.406044;0.573614;0.375727;0.563351;0.350528;0.291156;0.731368;0.316941;0.63695;0.320187;0.575021;0.326391;0.529431;0.332161;0.488195;0.287613;0.490118;0.29135;0.402595;0.312065;0.362779;0.332358;0.342787;0.285151;0.505043;0.289724;0.390916;0.320196;0.350769;0.346621;0.333014;0.292406;0.529001;0.300018;0.426696;0.328664;0.379222;0.351763;0.357426;0.30819;0.560508;0.315422;0.483126;0.334807;0.438985;0.352452;0.411764
0.45949;0.226518;0.658166;0.563691;0.656047;0.47938;0.639872;0.428887;0.618217;0.397559;0.599621;0.381779;0.652572;0.378046;0.61875;0.325621;0.595169;0.31286;0.580386;0.307839;0.634431;0.397525;0.599414;0.331428;0.577425;0.31521;0.563641;0.30961;0.61344;0.421093;0.583765;0.356418;0.571229;0.338656;0.563702;0.331285;0.59367;0.445415;0.576372;0.398661;0.570832;0.373335;0.567761;0.35503;0.290009;0.750377;0.31614;0.657;0.318634;0.597907;0.325283;0.552996;0.328131;0.516065;0.288109;0.500596;0.292439;0.410367;0.312769;0.368856;0.333789;0.347575;0.284356;0.511542;0.288889;0.395641;0.31838;0.351215;0.343598;0.331458;0.291815;0.532776;0.297957;0.425378;0.32585;0.373147;0.348304;0.349376;0.30777;0.563339;0.314562;0.481236;0.334203;0.435033;0.351925;0.40705
0.456486;0.229408;0.660541;0.553308;0.659515;0.475283;0.64469;0.421347;0.622448;0.389589;0.601828;0.375307;0.649233;0.376205;0.606349;0.322313;0.58466;0.31858;0.576532;0.321138;0.631748;0.397905;0.588616;0.330492;0.568394;0.324822;0.56077;0.32723;0.61222;0.423585;0.574729;0.356354;0.560885;0.343411;0.555815;0.340563;0.593908;0.449774;0.56992;0.397334;0.560903;0.374339;0.557345;0.35919;0.282081;0.766186;0.318302;0.672898;0.324218;0.611999;0.332082;0.56415;0.337984;0.523261;0.285091;0.506725;0.291405;0.415258;0.315007;0.378484;0.33782;0.361193;0.282493;0.514064;0.289881;0.394922;0.322889;0.353372;0.349283;0.336084;0.291143;0.531316;0.300772;0.417758;0.332255;0.366422;0.356046;0.345378;0.307692;0.556741;0.319375;0.464961;0.343334;0.415446;0.363423;0.384397
0.462114;0.227266;0.658591;0.548121;0.652281;0.476697;0.632261;0.425747;0.607126;0.400558;0.584596;0.392279;0.645899;0.376719;0.595171;0.32848;0.571774;0.331083;0.564305;0.33763;0.631641;0.401574;0.58201;0.336844;0.559743;0.336315;0.552157;0.343152;0.614302;0.430188;0.571127;0.364942;0.553866;0.354885;0.547096;0.354663;0.596773;0.458261;0.56795;0.404557;0.555635;0.381929;0.549511;0.367843;0.279724;0.78144;0.323926;0.685883;0.330397;0.620181;0.333985;0.570396;0.334761;0.531009;0.285724;0.513736;0.297339;0.422849;0.323017;0.38316;0.346328;0.360923;0.27923;0.519087;0.293753;0.39991;0.326052;0.355444;0.3512;0.336016;0.285556;0.537148;0.300842;0.421037;0.33097;0.368518;0.353735;0.347029;0.300491;0.562287;0.313639;0.466681;0.33461;0.418301;0.353178;0.39023
0.460151;0.229167;0.654128;0.553808;0.63178;0.489849;0.608323;0.434717;0.582453;0.403963;0.562564;0.387822;0.645362;0.377638;0.592374;0.347061;0.564262;0.34762;0.549375;0.351719;0.63985;0.402977;0.586836;0.355027;0.558809;0.349136;0.543172;0.347575;0.626853;0.432948;0.580292;0.383563;0.55471;0.366814;0.538478;0.358249;0.608822;0.462757;0.575138;0.416813;0.557924;0.394042;0.545003;0.376152;0.271466;0.781053;0.302674;0.690549;0.305439;0.636614;0.306398;0.597508;0.30752;0.556058;0.279379;0.511055;0.301312;0.413117;0.331678;0.376785;0.358258;0.360523;0.275814;0.523108;0.30111;0.40607;0.337263;0.368883;0.37018;0.351777;0.282587;0.546336;0.308203;0.438108;0.342504;0.393838;0.36995;0.373682;0.293713;0.574155;0.310444;0.486867;0.331512;0.445252;0.350196;0.421194
0.458479;0.230052;0.633582;0.570155;0.593824;0.495186;0.584005;0.429339;0.574441;0.38542;0.566631;0.349377;0.640589;0.390502;0.592317;0.369401;0.56658;0.371265;0.550652;0.369701;0.650014;0.407963;0.592684;0.395166;0.573726;0.410242;0.56481;0.419158;0.649644;0.433888;0.595394;0.431465;0.584038;0.455498;0.580702;0.469309;0.64219;0.46404;0.605912;0.448579;0.592928;0.456132;0.586251;0.462736;0.277895;0.710773;0.285342;0.730422;0.273018;0.735901;0.261598;0.742969;0.25553;0.742251;0.273342;0.564687;0.278172;0.491457;0.299946;0.451866;0.322169;0.430577;0.280885;0.526045;0.292623;0.432609;0.324345;0.390294;0.35579;0.368165;0.297201;0.503085;0.310424;0.414732;0.344022;0.373098;0.375235;0.359518;0.317448;0.49477;0.323582;0.428346;0.345604;0.394541;0.371447;0.379415
0.444261;0.225176;0.624056;0.583152;0.594051;0.504211;0.587145;0.448021;0.582187;0.40877;0.571935;0.372524;0.642469;0.402411;0.608947;0.377923;0.589319;0.365535;0.572337;0.352059;0.654066;0.418254;0.613721;0.390901;0.590504;0.382858;0.56891;0.372093;0.657572;0.444907;0.619266;0.420922;0.59676;0.415597;0.577152;0.409643;0.653747;0.477006;0.630942;0.449225;0.613706;0.431141;0.596248;0.41644;0.293445;0.739065;0.308913;0.645644;0.309378;0.571563;0.304908;0.520945;0.309067;0.483291;0.290585;0.491819;0.286105;0.416779;0.298366;0.385657;0.31151;0.365029;0.283897;0.502042;0.280531;0.412918;0.29776;0.377874;0.313392;0.357222;0.282472;0.522844;0.28134;0.438397;0.299471;0.396669;0.313561;0.376096;0.284825;0.552287;0.284825;0.482053;0.297228;0.441845;0.308877;0.415573
0.441568;0.230522;0.628064;0.592922;0.598422;0.510854;0.591494;0.451232;0.5873;0.411523;0.577998;0.373607;0.644707;0.407291;0.611413;0.380828;0.592638;0.366907;0.575808;0.349657;0.658567;0.421446;0.615188;0.388971;0.590679;0.377816;0.568528;0.363151;0.663489;0.446782;0.620355;0.418185;0.597608;0.408295;0.578072;0.397901;0.661164;0.478798;0.635297;0.452111;0.618194;0.433357;0.602355;0.417428;0.295272;0.725804;0.302355;0.652639;0.298976;0.596626;0.292695;0.551868;0.296336;0.514776;0.294769;0.496973;0.288666;0.420393;0.297169;0.384295;0.306299;0.356022;0.289127;0.500555;0.281251;0.413721;0.292355;0.374592;0.305554;0.348206;0.287424;0.515744;0.281949;0.436943;0.295924;0.395769;0.308319;0.37329;0.289648;0.538858;0.283791;0.475989;0.290796;0.437486;0.299704;0.409563
0.443643;0.227262;0.630523;0.600729;0.599698;0.514042;0.591278;0.456413;0.588798;0.418683;0.578257;0.379338;0.640425;0.411255;0.609113;0.386109;0.589858;0.371086;0.571979;0.351611;0.655203;0.425319;0.615228;0.392765;0.5898;0.380345;0.565704;0.365134;0.660714;0.449656;0.622895;0.42018;0.598352;0.407166;0.577008;0.392888;0.660266;0.480469;0.634464;0.458085;0.616364;0.44133;0.601498;0.425447;0.299652;0.713948;0.309294;0.605594;0.309512;0.537385;0.306154;0.489676;0.311205;0.445414;0.298088;0.471964;0.293643;0.406536;0.30187;0.373011;0.310994;0.349049;0.290367;0.488496;0.282432;0.408503;0.294962;0.376057;0.308223;0.355743;0.285564;0.514336;0.278407;0.438789;0.292905;0.403849;0.30644;0.385603;0.285328;0.547806;0.276984;0.484161;0.283035;0.444175;0.292303;0.416684
0.438168;0.220916;0.634625;0.60441;0.602839;0.504124;0.595796;0.442424;0.591064;0.404824;0.583762;0.373711;0.649981;0.413978;0.611593;0.383569;0.589714;0.368444;0.572499;0.348275;0.661114;0.428863;0.610355;0.396782;0.585022;0.382209;0.561907;0.365083;0.66155;0.452249;0.611787;0.42524;0.594031;0.415334;0.578153;0.403682;0.654938;0.477817;0.620853;0.456702;0.609479;0.450369;0.599689;0.444562;0.296438;0.698415;0.313481;0.590076;0.314099;0.525154;0.309867;0.478445;0.316436;0.429794;0.29002;0.458676;0.290823;0.392793;0.305931;0.364236;0.317952;0.347756;0.281917;0.476036;0.28418;0.398991;0.303019;0.375116;0.318782;0.363633;0.280356;0.501885;0.284833;0.430509;0.304302;0.402797;0.31848;0.39049;0.285184;0.53229;0.28398;0.47193;0.295186;0.437124;0.305628;0.414216
0.43505;0.215395;0.63931;0.610768;0.606099;0.50233;0.600546;0.44472;0.596319;0.411706;0.58917;0.38284;0.649523;0.414717;0.61623;0.383666;0.59359;0.363649;0.574066;0.341613;0.659042;0.42809;0.61479;0.39238;0.587159;0.36913;0.559906;0.346678;0.659142;0.449807;0.614488;0.419983;0.591973;0.404961;0.571274;0.391482;0.653536;0.474091;0.621165;0.452871;0.607243;0.444389;0.595306;0.436805;0.287744;0.693417;0.313794;0.579328;0.316581;0.517363;0.315103;0.469425;0.322748;0.418678;0.284161;0.452646;0.301973;0.384815;0.320668;0.352886;0.331983;0.334645;0.275358;0.468468;0.297983;0.388432;0.321683;0.358898;0.336996;0.34097;0.274743;0.493855;0.297761;0.418647;0.319741;0.386172;0.331536;0.368582;0.280312;0.521026;0.290153;0.462472;0.301987;0.430411;0.309994;0.408552
0.432364;0.214569;0.644326;0.609852;0.610381;0.504058;0.605371;0.446204;0.600317;0.41114;0.593134;0.379304;0.650539;0.413041;0.617056;0.37973;0.595243;0.359971;0.578159;0.337431;0.658809;0.424992;0.616498;0.384674;0.590151;0.360508;0.565314;0.337811;0.65812;0.445894;0.614692;0.415465;0.592982;0.404071;0.574701;0.393109;0.652209;0.46954;0.619741;0.443713;0.604086;0.432086;0.591583;0.421191;0.297798;0.685896;0.317709;0.567323;0.316095;0.498975;0.31138;0.450263;0.316306;0.402707;0.283777;0.434464;0.305019;0.370945;0.324379;0.350891;0.335808;0.342523;0.275874;0.451538;0.305667;0.380081;0.330028;0.362094;0.345587;0.351435;0.276403;0.477334;0.306121;0.409055;0.32862;0.384584;0.342071;0.371745;0.284302;0.505768;0.297178;0.451756;0.309637;0.422361;0.319851;0.402215
0.437568;0.215639;0.644797;0.608139;0.612271;0.505359;0.607435;0.446985;0.601071;0.411396;0.593456;0.384526;0.655855;0.413373;0.622801;0.376891;0.600552;0.353252;0.581517;0.330167;0.660793;0.424235;0.619336;0.377606;0.593002;0.349028;0.567274;0.32385;0.656332;0.44603;0.61609;0.40241;0.593637;0.374358;0.572628;0.350887;0.646813;0.471169;0.619851;0.434565;0.602227;0.409064;0.585111;0.384698;0.298315;0.678935;0.322903;0.566359;0.321038;0.501617;0.318409;0.454737;0.321225;0.410008;0.287585;0.436636;0.302168;0.366289;0.320288;0.345431;0.330793;0.339877;0.279963;0.449175;0.299408;0.366115;0.326265;0.348466;0.343219;0.343424;0.280178;0.470446;0.297486;0.39719;0.322054;0.376845;0.337506;0.375641;0.284279;0.497065;0.291643;0.441303;0.305508;0.421505;0.315727;0.417951
0.440724;0.206624;0.645726;0.605536;0.612422;0.500063;0.606477;0.440969;0.599473;0.404846;0.591311;0.376297;0.655955;0.409636;0.623054;0.373383;0.600795;0.350555;0.581809;0.32769;0.661079;0.421744;0.620221;0.374263;0.592867;0.346724;0.566666;0.32282;0.65639;0.443923;0.616595;0.397915;0.592344;0.370373;0.569496;0.347575;0.646409;0.469589;0.618404;0.432889;0.600506;0.408938;0.582833;0.386452;0.299188;0.673908;0.32684;0.557347;0.326863;0.491566;0.326234;0.445065;0.332272;0.39985;0.288453;0.432029;0.303391;0.36085;0.322946;0.339622;0.333618;0.333553;0.280519;0.444632;0.299433;0.362556;0.328216;0.34353;0.345831;0.336288;0.280679;0.465728;0.29897;0.3939;0.326591;0.371335;0.343999;0.367509;0.285178;0.491997;0.292604;0.437712;0.308374;0.414294;0.320881;0.405378
0.439865;0.202483;0.649259;0.603324;0.615087;0.499589;0.608609;0.439319;0.600679;0.403006;0.592757;0.376025;0.657286;0.405412;0.622865;0.370191;0.600685;0.346182;0.58195;0.323387;0.662322;0.417382;0.620641;0.370708;0.593726;0.342309;0.567953;0.317963;0.657656;0.440398;0.616999;0.394708;0.593349;0.365344;0.570927;0.341181;0.647341;0.467146;0.619009;0.430289;0.601094;0.404262;0.58361;0.380451;0.298872;0.669938;0.328533;0.552903;0.329303;0.485981;0.328464;0.437371;0.334713;0.389485;0.291151;0.426764;0.30734;0.356588;0.327852;0.336119;0.338749;0.329986;0.282571;0.438202;0.303002;0.359329;0.332148;0.342099;0.349649;0.336277;0.281499;0.459178;0.302484;0.389421;0.330664;0.3683;0.346734;0.364627;0.285136;0.485588;0.294881;0.431214;0.310987;0.409461;0.322925;0.402044
0.440752;0.193086;0.650173;0.600842;0.615461;0.49866;0.609121;0.437948;0.601361;0.400217;0.59279;0.372106;0.65966;0.402628;0.623022;0.367022;0.600795;0.344622;0.58263;0.321979;0.664058;0.416937;0.619889;0.368692;0.5932;0.341811;0.568129;0.319017;0.658075;0.44154;0.615192;0.395845;0.592307;0.368811;0.571608;0.34623;0.64702;0.469265;0.617318;0.431835;0.600254;0.406204;0.584357;0.382269;0.301187;0.662666;0.32704;0.543568;0.326954;0.477287;0.327741;0.428476;0.333017;0.378932;0.284593;0.418641;0.307787;0.349238;0.329816;0.338855;0.338864;0.342059;0.276775;0.433185;0.303978;0.353593;0.333688;0.342717;0.348241;0.343285;0.277907;0.45659;0.305561;0.385973;0.333699;0.371749;0.346472;0.372866;0.285989;0.484111;0.299793;0.425902;0.316401;0.406853;0.327225;0.40225
0.439798;0.2035;0.651287;0.601439;0.614282;0.498575;0.608395;0.436817;0.601518;0.399125;0.594874;0.368562;0.660393;0.40353;0.625973;0.369229;0.602769;0.347773;0.582711;0.327436;0.666613;0.417792;0.62334;0.37347;0.595138;0.348016;0.567662;0.327226;0.661708;0.442207;0.61854;0.401629;0.592635;0.375982;0.567824;0.355889;0.650323;0.470138;0.622163;0.437227;0.603886;0.414105;0.585505;0.392655;0.296117;0.660466;0.328252;0.540885;0.32891;0.477485;0.332611;0.428896;0.337831;0.37952;0.280665;0.4226;0.2991;0.344983;0.32435;0.332537;0.337822;0.337341;0.273747;0.433537;0.300654;0.349219;0.337144;0.339746;0.356555;0.346947;0.276167;0.453663;0.303396;0.379664;0.337484;0.36661;0.354656;0.374253;0.284201;0.477548;0.299861;0.420596;0.320694;0.404966;0.333763;0.405631
0.439587;0.200152;0.65287;0.602448;0.613716;0.499823;0.60662;0.435904;0.597375;0.396926;0.59023;0.366496;0.661689;0.407133;0.624906;0.374704;0.600764;0.355291;0.58137;0.336543;0.666926;0.421384;0.624243;0.3782;0.595832;0.354839;0.569326;0.33677;0.661562;0.445396;0.618958;0.405931;0.591431;0.383173;0.566517;0.366403;0.648071;0.472576;0.618853;0.441446;0.601306;0.420325;0.584129;0.402367;0.294874;0.660247;0.327209;0.530501;0.32627;0.45828;0.328628;0.405028;0.333848;0.350446;0.272136;0.407883;0.305353;0.339445;0.33256;0.336004;0.34411;0.344681;0.263467;0.423795;0.30782;0.349109;0.342251;0.346973;0.358288;0.357123;0.266235;0.448404;0.310091;0.382286;0.34161;0.375784;0.354937;0.383815;0.277515;0.477184;0.303766;0.421905;0.324541;0.408048;0.336332;0.406573
0.44096;0.191587;0.65341;0.607505;0.611653;0.513944;0.601844;0.448076;0.592119;0.406722;0.584379;0.373012;0.660005;0.416428;0.621329;0.380481;0.594799;0.362164;0.573733;0.346078;0.664785;0.434515;0.618393;0.389012;0.587568;0.370844;0.560957;0.356386;0.658201;0.460162;0.615377;0.415589;0.586439;0.393678;0.55939;0.375764;0.64411;0.487184;0.61593;0.452123;0.5969;0.429968;0.577357;0.409388;0.294668;0.669607;0.328837;0.531985;0.324942;0.461501;0.323497;0.411112;0.324034;0.35773;0.261477;0.410708;0.295042;0.34134;0.32838;0.343305;0.34281;0.355774;0.252171;0.429694;0.297801;0.354348;0.340163;0.359097;0.359088;0.377635;0.255276;0.456137;0.300324;0.38661;0.338844;0.386798;0.356273;0.406539;0.266424;0.486942;0.292904;0.431673;0.318242;0.421922;0.332366;0.429959
0.442162;0.189653;0.656267;0.617331;0.610755;0.526391;0.597095;0.463052;0.585069;0.421232;0.575786;0.385289;0.653851;0.425604;0.611179;0.384659;0.580698;0.373999;0.558602;0.366286;0.658477;0.448008;0.610549;0.400582;0.577055;0.396036;0.551276;0.394718;0.651822;0.476158;0.608169;0.433481;0.578617;0.427232;0.554844;0.425183;0.639074;0.504744;0.609127;0.47185;0.58948;0.461117;0.572522;0.455672;0.292693;0.6906;0.327718;0.548163;0.322985;0.474018;0.321546;0.421246;0.324403;0.369457;0.248657;0.425242;0.288246;0.356663;0.3263;0.36035;0.340083;0.374583;0.241124;0.450241;0.294535;0.371156;0.337589;0.380085;0.354598;0.402056;0.249873;0.483276;0.30016;0.409558;0.335612;0.415154;0.349545;0.437636;0.266842;0.521166;0.29828;0.470184;0.319773;0.467831;0.329002;0.480994
0.437289;0.18579;0.654277;0.628511;0.604238;0.545852;0.58507;0.48754;0.574015;0.445989;0.571452;0.409982;0.63917;0.441216;0.605277;0.393033;0.573482;0.391596;0.554899;0.401873;0.652321;0.45949;0.608475;0.419134;0.577464;0.425446;0.558565;0.441212;0.654428;0.485361;0.613469;0.454646;0.583937;0.452596;0.563257;0.462888;0.650016;0.517602;0.622395;0.487505;0.597702;0.478143;0.576238;0.480686;0.287639;0.703658;0.326714;0.570104;0.325764;0.497526;0.327359;0.447769;0.330965;0.403073;0.262734;0.428619;0.302734;0.373168;0.333744;0.401953;0.337473;0.429456;0.249858;0.447511;0.305952;0.388064;0.335993;0.424536;0.339608;0.461516;0.250394;0.475945;0.305306;0.422492;0.330589;0.455186;0.334601;0.492897;0.256724;0.511475;0.29861;0.476796;0.315475;0.499894;0.317322;0.525486
0.439426;0.18909;0.643471;0.644059;0.582507;0.588093;0.556159;0.527493;0.547373;0.472052;0.549266;0.433763;0.609437;0.467663;0.579724;0.414263;0.555156;0.434756;0.54969;0.463824;0.635199;0.471387;0.593742;0.432311;0.569415;0.458348;0.563243;0.492532;0.653335;0.487872;0.613429;0.452573;0.590112;0.47227;0.582159;0.503535;0.66627;0.512748;0.632482;0.483504;0.609738;0.490361;0.598832;0.510316;0.287002;0.683974;0.331079;0.574205;0.33447;0.50977;0.331357;0.461788;0.332478;0.43249;0.257209;0.449177;0.302255;0.415417;0.328407;0.443616;0.329221;0.463928;0.233776;0.473209;0.30115;0.441259;0.323815;0.470588;0.326384;0.500255;0.231171;0.504986;0.297162;0.488774;0.316923;0.514586;0.319004;0.538864;0.237881;0.538348;0.284893;0.533385;0.297196;0.555203;0.295295;0.571601
0.439862;0.168664;0.644867;0.639349;0.577516;0.610165;0.546269;0.571629;0.54149;0.530824;0.545072;0.51017;0.592498;0.49554;0.566854;0.468621;0.554193;0.509771;0.556992;0.546678;0.622835;0.499541;0.589791;0.493386;0.578655;0.541918;0.581829;0.576769;0.645481;0.522212;0.617121;0.520691;0.604432;0.56551;0.604399;0.599568;0.66418;0.551157;0.64404;0.553604;0.631177;0.583072;0.627909;0.606172;0.290153;0.690997;0.334153;0.59752;0.347172;0.526566;0.343644;0.474897;0.333118;0.450385;0.279979;0.501901;0.284343;0.451776;0.302264;0.464156;0.306966;0.48283;0.253026;0.527764;0.271186;0.480495;0.292136;0.493639;0.298092;0.512454;0.23855;0.557386;0.256061;0.526788;0.276481;0.534529;0.28664;0.551244;0.231335;0.585369;0.241959;0.569997;0.260501;0.572673;0.272715;0.580609
0.438845;0.168713;0.609079;0.555543;0.572641;0.59481;0.562593;0.609853;0.56041;0.62023;0.559963;0.627956;0.559981;0.552665;0.573912;0.565015;0.584517;0.578004;0.587103;0.594422;0.582565;0.523072;0.596985;0.536353;0.609137;0.55294;0.612353;0.562304;0.607401;0.500697;0.622323;0.512415;0.631596;0.532524;0.634024;0.545493;0.632366;0.482705;0.640721;0.490319;0.647526;0.512605;0.650295;0.528957;0.298459;0.690465;0.254378;0.656166;0.234296;0.626029;0.225046;0.611521;0.228417;0.61086;0.255975;0.569744;0.258123;0.518155;0.26406;0.539187;0.264226;0.564456;0.286186;0.559755;0.287154;0.507258;0.295122;0.534979;0.292912;0.557928;0.314749;0.559934;0.31651;0.513372;0.321387;0.536644;0.318516;0.559873;0.339224;0.565941;0.341401;0.529953;0.341796;0.543863;0.336772;0.558534
0.445196;0.153801;0.747569;0.813779;0.717111;0.830201;0.700847;0.872259;0.695468;0.909862;0.690748;0.941982;0.705692;0.919793;0.692659;0.959935;0.682998;0.982611;0.674817;1.00492;0.72122;0.923716;0.708096;0.966257;0.696876;0.988412;0.686841;1.00905;0.735245;0.916776;0.725316;0.956836;0.714441;0.977333;0.70476;0.991666;0.750443;0.902707;0.743965;0.932125;0.734106;0.949653;0.725251;0.963007
0.438477;0.140643;0;0;0;0;0;0;0;0;0;0;0;0;0;0;0;0;0;0;0;0;0;0;0;0;0;0;0;0;0;0;0;0;0;0;0;0;0;0;0;0;0;0
0.435515;0.1132;0.459147;0.322736;0.448179;0.270942;0.443674;0.23236;0.444706;0.206543;0.44976;0.188241;0.433609;0.228245;0.441072;0.194957;0.448767;0.186756;0.45239;0.180988;0.441132;0.235339;0.451829;0.201947;0.461757;0.19307;0.466872;0.187936;0.451325;0.24502;0.461482;0.215751;0.472295;0.206425;0.47923;0.204544;0.462117;0.256698;0.472652;0.237383;0.480209;0.227713;0.485623;0.224374
0.438107;0.10691;0.468555;0.284916;0.478504;0.210148;0.476038;0.160542;0.472341;0.124552;0.468794;0.0963564;0.45613;0.171923;0.443932;0.133498;0.450668;0.122095;0.456917;0.126423;0.448069;0.189057;0.435552;0.153691;0.444164;0.145364;0.453071;0.152452;0.443966;0.209468;0.436588;0.17634;0.445746;0.171443;0.453144;0.182454;0.4407;0.232942;0.434883;0.213059;0.43988;0.200737;0.445105;0.19846
0.435845;0.105191;0.456885;0.286099;0.453852;0.229632;0.45045;0.180171;0.4524;0.146816;0.456567;0.124275;0.435664;0.1762;0.442824;0.145051;0.455022;0.151381;0.459379;0.160878;0.440313;0.193284;0.451693;0.160984;0.466215;0.166606;0.471176;0.17611;0.448288;0.213956;0.459623;0.182616;0.472672;0.189278;0.478454;0.20161;0.458057;0.236624;0.469992;0.218482;0.479241;0.216014;0.485684;0.218651
0.426443;0.0953418;0.45329;0.300483;0.463688;0.256988;0.461875;0.219509;0.463878;0.195147;0.467592;0.174658;0.440556;0.195559;0.447104;0.15831;0.457609;0.153034;0.463975;0.152317;0.436887;0.202858;0.444405;0.166389;0.456484;0.159303;0.464473;0.157057;0.436687;0.215134;0.442814;0.180933;0.454666;0.174967;0.462987;0.175881;0.438144;0.231897;0.440768;0.206575;0.447855;0.196008;0.45351;0.191444;0;0;0;0;0;0;0;0;0;0;0;0;0;0;0;0;0;0;0;0;0;0;0;0;0;0;0;0;0;0;0;0;0;0;0;0;0;0;0;0;0;0
0.435409;0.100805;0.456944;0.307911;0.449414;0.255326;0.443855;0.213989;0.445858;0.189555;0.449653;0.171342;0.432443;0.20582;0.43967;0.17041;0.448463;0.159391;0.454398;0.151847;0.439838;0.216795;0.448437;0.184676;0.459361;0.17416;0.467632;0.166752;0.449242;0.231751;0.455602;0.206944;0.465957;0.200725;0.473909;0.201124;0.458777;0.250778;0.463994;0.234868;0.470176;0.23016;0.475746;0.230139
0.44005;0.0977771;0.45319;0.315647;0.457051;0.265963;0.455219;0.232103;0.458532;0.211702;0.463889;0.192943;0.435281;0.214828;0.440963;0.182539;0.449659;0.170772;0.455964;0.163831;0.436087;0.222544;0.442069;0.18854;0.452455;0.173155;0.4602;0.162908;0.440453;0.231775;0.446808;0.200912;0.459147;0.187787;0.468785;0.181135;0.446849;0.243967;0.45386;0.221386;0.461495;0.209431;0.467554;0.201708
0.434202;0.0989074;0.4537;0.31736;0.447575;0.269036;0.444767;0.232899;0.447916;0.211321;0.452563;0.19491;0.429892;0.221915;0.436147;0.189254;0.444728;0.171029;0.452361;0.159258;0.437179;0.233051;0.44596;0.199566;0.456858;0.180452;0.466145;0.16683;0.447456;0.245449;0.456407;0.216897;0.467385;0.199935;0.476715;0.190517;0.459499;0.260599;0.467757;0.239957;0.47382;0.227124;0.479738;0.219686;0;0;0;0;0;0;0;0;0;0;0;0;0;0;0;0;0;0;0;0;0;0;0;0;0;0;0;0;0;0;0;0;0;0;0;0;0;0;0;0;0;0
0.433591;0.0952972;0.454821;0.317308;0.452792;0.272395;0.447118;0.239132;0.448148;0.219162;0.450457;0.201425;0.429883;0.230587;0.434678;0.197833;0.439117;0.17718;0.443164;0.160041;0.43657;0.240487;0.440934;0.207218;0.448412;0.184934;0.454558;0.163701;0.446188;0.253013;0.451493;0.223738;0.458698;0.204073;0.464518;0.187722;0.457687;0.269448;0.464661;0.250075;0.468447;0.236128;0.47187;0.223815
0.435082;0.0969032;0.451997;0.316531;0.44287;0.275276;0.439285;0.241562;0.442307;0.217858;0.447336;0.199534;0.429997;0.237827;0.432407;0.20358;0.437652;0.180677;0.443786;0.160455;0.439357;0.247587;0.444261;0.21611;0.453629;0.192611;0.462294;0.171179;0.451196;0.260447;0.458141;0.236657;0.469577;0.217029;0.480339;0.202742;0.46451;0.275778;0.473669;0.260432;0.480742;0.249021;0.487037;0.241323
